9 0.063312 0.146104 0.076840 0.235931
17 0.054654 0.491342 0.083333 0.216450
4 0.081710 0.769481 0.104978 0.218615
15 0.175325 0.137446 0.082251 0.235931
5 0.195346 0.507576 0.098485 0.222944
21 0.183983 0.818182 0.088745 0.242424
6 0.295996 0.867965 0.091991 0.238095
28 0.300325 0.637446 0.050866 0.192641
30 0.295996 0.455628 0.055195 0.162338
8 0.284632 0.254329 0.084416 0.222944
24 0.376082 0.458874 0.076840 0.207792
2 0.394481 0.689394 0.094156 0.222944
29 0.404221 0.898268 0.068182 0.173160
18 0.406385 0.134199 0.102814 0.225108
3 0.476190 0.333333 0.088745 0.225108
23 0.538420 0.117965 0.074675 0.205628
10 0.543831 0.615801 0.100649 0.235931
11 0.531926 0.850649 0.098485 0.225108
27 0.650433 0.893939 0.073593 0.181818
1 0.708874 0.745671 0.073593 0.209957
13 0.609307 0.309524 0.049784 0.220779
22 0.691558 0.141775 0.095238 0.209957
20 0.682359 0.503247 0.096320 0.227273
25 0.803030 0.119048 0.062771 0.199134
0 0.791126 0.337662 0.082251 0.229437
19 0.799784 0.570346 0.088745 0.218615
26 0.806818 0.796537 0.040043 0.194805
14 0.913961 0.182900 0.096320 0.231602
7 0.909091 0.559524 0.069264 0.214286
12 0.890693 0.801948 0.067100 0.231602
