30 0.053030 0.151515 0.056277 0.164502
28 0.068723 0.430736 0.050866 0.164502
20 0.134740 0.690476 0.068182 0.155844
29 0.133117 0.854978 0.060606 0.155844
9 0.222944 0.784632 0.054113 0.166667
25 0.140152 0.164502 0.050866 0.160173
1 0.155303 0.413420 0.055195 0.151515
13 0.234848 0.250000 0.034632 0.162338
11 0.318723 0.504329 0.068182 0.160173
23 0.339827 0.111472 0.056277 0.166667
12 0.326299 0.326840 0.044372 0.151515
2 0.376623 0.782468 0.062771 0.162338
18 0.445887 0.145022 0.071429 0.160173
21 0.479437 0.327922 0.067100 0.166667
4 0.458333 0.507576 0.074675 0.153680
14 0.546537 0.630952 0.071429 0.158009
24 0.550866 0.856061 0.060606 0.170996
17 0.565476 0.103896 0.055195 0.151515
7 0.558442 0.347403 0.051948 0.158009
22 0.642857 0.154762 0.071429 0.158009
27 0.640693 0.360390 0.058442 0.153680
5 0.654221 0.563853 0.072511 0.158009
15 0.691558 0.897186 0.058442 0.170996
3 0.719697 0.346320 0.064935 0.160173
10 0.768398 0.606061 0.071429 0.168831
19 0.845779 0.888528 0.066017 0.153680
8 0.826299 0.219697 0.057359 0.162338
6 0.894481 0.532468 0.063853 0.160173
26 0.937771 0.734848 0.033550 0.166667
0 0.919913 0.189394 0.056277 0.162338
