15 0.082792 0.270563 0.089827 0.246753
20 0.067641 0.524892 0.091991 0.218615
28 0.063312 0.871212 0.053030 0.192641
5 0.208874 0.278139 0.103896 0.240260
0 0.173701 0.536797 0.087662 0.242424
11 0.157468 0.792208 0.096320 0.242424
21 0.284632 0.629870 0.082251 0.233766
25 0.250541 0.888528 0.057359 0.192641
12 0.333333 0.130952 0.067100 0.235931
7 0.356061 0.404762 0.073593 0.225108
29 0.375000 0.615801 0.068182 0.175325
3 0.351732 0.839827 0.090909 0.233766
13 0.448052 0.156926 0.051948 0.235931
14 0.464286 0.399351 0.101732 0.248918
4 0.487554 0.659091 0.104978 0.227273
24 0.462662 0.884199 0.070346 0.209957
6 0.583333 0.160173 0.093074 0.238095
23 0.568182 0.416667 0.071429 0.209957
27 0.580087 0.674242 0.064935 0.170996
22 0.569805 0.882035 0.096320 0.209957
19 0.695887 0.132035 0.088745 0.229437
2 0.678030 0.485931 0.087662 0.235931
10 0.683983 0.845238 0.099567 0.240260
26 0.784632 0.501082 0.038961 0.188312
30 0.802489 0.087662 0.050866 0.158009
8 0.812229 0.291126 0.087662 0.231602
9 0.823052 0.738095 0.079004 0.255411
17 0.915584 0.213203 0.075758 0.235931
1 0.928030 0.560606 0.076840 0.220779
18 0.933442 0.839827 0.107143 0.242424
