10 0.067100 0.186147 0.108225 0.238095
26 0.058983 0.413420 0.050866 0.194805
4 0.116883 0.600649 0.106061 0.248918
19 0.112554 0.852814 0.095238 0.216450
8 0.227273 0.752165 0.086580 0.257576
7 0.267857 0.484848 0.089827 0.242424
17 0.184524 0.256494 0.087662 0.218615
25 0.269481 0.120130 0.075758 0.192641
3 0.367965 0.175325 0.086580 0.238095
22 0.369048 0.408009 0.103896 0.222944
5 0.428030 0.636364 0.111472 0.225108
15 0.338745 0.830087 0.099567 0.257576
18 0.491342 0.200216 0.108225 0.235931
24 0.530303 0.507576 0.082251 0.214286
9 0.569264 0.753247 0.082251 0.233766
21 0.465368 0.869048 0.095238 0.244589
30 0.587121 0.104978 0.070346 0.183983
1 0.594697 0.367965 0.074675 0.216450
12 0.680195 0.426407 0.061688 0.229437
27 0.642857 0.887446 0.069264 0.207792
11 0.679654 0.148268 0.090909 0.248918
6 0.725108 0.764069 0.116883 0.255411
13 0.814935 0.180736 0.069264 0.244589
14 0.824134 0.445887 0.104978 0.233766
29 0.819805 0.650433 0.074675 0.145022
2 0.854978 0.864719 0.099567 0.222944
28 0.953463 0.848485 0.054113 0.199134
23 0.932359 0.629870 0.081169 0.229437
0 0.927489 0.389610 0.088745 0.229437
20 0.904221 0.149351 0.094156 0.238095
