25 0.069805 0.189394 0.046537 0.153680
23 0.115260 0.483766 0.055195 0.166667
8 0.101190 0.693723 0.055195 0.153680
14 0.047619 0.895022 0.064935 0.153680
17 0.203463 0.182900 0.051948 0.145022
2 0.195887 0.413420 0.058442 0.151515
12 0.205628 0.636364 0.043290 0.147186
24 0.168831 0.849567 0.054113 0.158009
20 0.307359 0.278139 0.064935 0.153680
10 0.278139 0.796537 0.069264 0.164502
15 0.370671 0.108225 0.055195 0.155844
5 0.372294 0.534632 0.064935 0.151515
29 0.443182 0.122294 0.057359 0.153680
19 0.469697 0.422078 0.062771 0.155844
30 0.449675 0.625541 0.053030 0.164502
0 0.484307 0.805195 0.050866 0.151515
22 0.533009 0.599567 0.066017 0.147186
26 0.576299 0.417749 0.033550 0.155844
27 0.586039 0.911255 0.053030 0.142857
4 0.631494 0.269481 0.068182 0.145022
7 0.645563 0.574675 0.048701 0.145022
21 0.660714 0.794372 0.057359 0.164502
18 0.735390 0.110390 0.068182 0.151515
9 0.766234 0.325758 0.051948 0.158009
3 0.735390 0.756494 0.061688 0.158009
11 0.879870 0.317100 0.060606 0.149351
28 0.815476 0.779221 0.046537 0.160173
6 0.939935 0.095238 0.061688 0.160173
1 0.897727 0.642857 0.048701 0.147186
13 0.905844 0.799784 0.036797 0.158009
