21 0.087121 0.162338 0.068182 0.164502
24 0.075216 0.330087 0.059524 0.158009
11 0.126623 0.518398 0.069264 0.158009
15 0.115260 0.707792 0.057359 0.173160
18 0.183983 0.168831 0.071429 0.164502
23 0.227814 0.377706 0.057359 0.179654
4 0.227814 0.602814 0.074675 0.162338
30 0.195887 0.778139 0.058442 0.166667
1 0.279762 0.773810 0.053030 0.158009
6 0.341991 0.323593 0.069264 0.166667
29 0.342532 0.662338 0.063853 0.151515
20 0.393398 0.863636 0.070346 0.151515
27 0.467532 0.566017 0.062771 0.158009
2 0.484307 0.762987 0.061688 0.158009
19 0.503247 0.198052 0.064935 0.170996
12 0.524892 0.364719 0.045455 0.149351
3 0.639069 0.125541 0.074675 0.177489
0 0.606061 0.360390 0.064935 0.162338
25 0.584957 0.568182 0.055195 0.166667
8 0.572511 0.734848 0.060606 0.153680
17 0.727814 0.354978 0.057359 0.160173
7 0.679654 0.621212 0.058442 0.168831
9 0.766234 0.576840 0.069264 0.179654
13 0.717532 0.899351 0.045455 0.188312
10 0.845779 0.089827 0.074675 0.175325
22 0.871753 0.301948 0.076840 0.162338
5 0.913420 0.480519 0.073593 0.160173
14 0.894481 0.696970 0.074675 0.168831
28 0.956710 0.311688 0.047619 0.168831
26 0.951840 0.115801 0.048701 0.166667
