8 0.120130 0.187229 0.073593 0.179654
0 0.058442 0.340909 0.071429 0.158009
22 0.075216 0.507576 0.091991 0.149351
28 0.249459 0.395022 0.050866 0.183983
12 0.209957 0.164502 0.049784 0.173160
23 0.285173 0.126623 0.055195 0.179654
9 0.313853 0.333333 0.045455 0.177489
21 0.399351 0.412338 0.075758 0.179654
11 0.482143 0.336580 0.079004 0.175325
17 0.561688 0.321429 0.056277 0.166667
6 0.561147 0.115801 0.072511 0.175325
20 0.665584 0.101732 0.060606 0.147186
14 0.669372 0.290043 0.072511 0.160173
5 0.797078 0.251082 0.079004 0.177489
13 0.828463 0.081169 0.042208 0.158009
18 0.943723 0.173160 0.080087 0.194805
10 0.893398 0.379870 0.074675 0.166667
7 0.143939 0.642857 0.064935 0.155844
3 0.302489 0.544372 0.070346 0.166667
27 0.407468 0.664502 0.066017 0.168831
4 0.649892 0.541126 0.074675 0.168831
29 0.761364 0.602814 0.059524 0.158009
15 0.858225 0.566017 0.060606 0.183983
26 0.938853 0.583333 0.042208 0.179654
30 0.061688 0.863636 0.060606 0.173160
25 0.256494 0.876623 0.058442 0.151515
2 0.341450 0.837662 0.061688 0.168831
19 0.447511 0.844156 0.066017 0.168831
1 0.548701 0.762987 0.067100 0.162338
24 0.864719 0.887446 0.064935 0.168831
