23 0.053030 0.113636 0.067100 0.205628
27 0.057359 0.293290 0.056277 0.149351
22 0.067641 0.493506 0.102814 0.225108
12 0.108766 0.771645 0.066017 0.227273
29 0.045455 0.913420 0.056277 0.138528
18 0.162338 0.209957 0.099567 0.220779
6 0.176407 0.494589 0.093074 0.231602
17 0.219156 0.832251 0.081169 0.218615
11 0.277597 0.233766 0.098485 0.225108
21 0.301407 0.563853 0.087662 0.235931
7 0.354437 0.804113 0.074675 0.214286
28 0.364177 0.295455 0.044372 0.162338
10 0.426407 0.132035 0.097403 0.238095
4 0.410714 0.509740 0.104978 0.214286
15 0.470779 0.764069 0.082251 0.246753
25 0.520563 0.188312 0.051948 0.160173
20 0.537338 0.426407 0.096320 0.229437
5 0.577381 0.799784 0.100649 0.227273
1 0.606061 0.250000 0.069264 0.205628
14 0.655844 0.505411 0.097403 0.231602
2 0.683983 0.744589 0.084416 0.225108
13 0.726190 0.193723 0.054113 0.227273
30 0.792208 0.093074 0.045455 0.142857
24 0.783009 0.335498 0.061688 0.186147
3 0.789502 0.544372 0.094156 0.222944
0 0.809524 0.804113 0.080087 0.235931
8 0.873377 0.183983 0.082251 0.220779
9 0.912879 0.540043 0.074675 0.231602
26 0.955628 0.318182 0.034632 0.155844
19 0.921537 0.831169 0.087662 0.220779
