23 0.072511 0.167749 0.090909 0.222944
15 0.173701 0.174242 0.081169 0.235931
25 0.279762 0.115801 0.083333 0.205628
7 0.385281 0.225108 0.073593 0.251082
22 0.493506 0.215368 0.090909 0.231602
4 0.606061 0.166667 0.101732 0.246753
3 0.733225 0.191558 0.117965 0.240260
9 0.885281 0.261905 0.073593 0.242424
30 0.061688 0.400433 0.080087 0.225108
5 0.158009 0.422078 0.097403 0.216450
17 0.279221 0.327922 0.058442 0.218615
14 0.574134 0.417749 0.122294 0.229437
2 0.685065 0.455628 0.090909 0.248918
28 0.787879 0.529221 0.062771 0.248918
11 0.876623 0.515152 0.088745 0.246753
20 0.097403 0.636364 0.106061 0.225108
27 0.199675 0.615801 0.096320 0.209957
8 0.294372 0.538961 0.084416 0.225108
18 0.400974 0.608225 0.098485 0.225108
0 0.508658 0.642857 0.084416 0.220779
10 0.660714 0.740260 0.102814 0.229437
1 0.828463 0.766234 0.083333 0.216450
19 0.928571 0.759740 0.095238 0.225108
29 0.764069 0.890693 0.084416 0.205628
26 0.565476 0.873377 0.057359 0.222944
6 0.466991 0.856061 0.096320 0.218615
21 0.356602 0.870130 0.094156 0.233766
12 0.260823 0.883117 0.073593 0.220779
13 0.162879 0.833333 0.066017 0.199134
24 0.073052 0.845238 0.094156 0.231602
