19 0.123918 0.096320 0.061688 0.153680
1 0.108766 0.362554 0.053030 0.145022
27 0.123918 0.558442 0.057359 0.147186
6 0.132035 0.722944 0.062771 0.155844
9 0.071429 0.901515 0.049784 0.153680
12 0.201299 0.165584 0.047619 0.158009
24 0.248377 0.487013 0.055195 0.160173
11 0.265152 0.834416 0.067100 0.149351
3 0.320346 0.132035 0.058442 0.155844
4 0.339827 0.466450 0.073593 0.145022
26 0.413961 0.880952 0.035714 0.164502
7 0.410173 0.625541 0.051948 0.147186
13 0.427489 0.160173 0.036797 0.151515
22 0.492424 0.522727 0.067100 0.145022
5 0.526515 0.244589 0.066017 0.155844
25 0.572511 0.516234 0.049784 0.158009
0 0.606061 0.680736 0.054113 0.153680
8 0.535173 0.885281 0.057359 0.155844
17 0.639610 0.406926 0.051948 0.142857
18 0.735390 0.251082 0.070346 0.155844
2 0.787338 0.506494 0.059524 0.151515
30 0.681277 0.869048 0.053030 0.166667
21 0.753788 0.877706 0.057359 0.158009
20 0.797078 0.715368 0.063853 0.158009
29 0.836039 0.884199 0.055195 0.153680
23 0.823052 0.150433 0.057359 0.162338
15 0.905844 0.119048 0.054113 0.164502
28 0.918290 0.369048 0.046537 0.166667
14 0.946429 0.599567 0.068182 0.164502
10 0.935065 0.801948 0.064935 0.153680
