23 0.048160 0.102814 0.059524 0.170996
14 0.095238 0.311688 0.071429 0.177489
27 0.049784 0.648268 0.060606 0.158009
21 0.180736 0.215368 0.060606 0.175325
4 0.142316 0.563853 0.074675 0.158009
24 0.166667 0.847403 0.060606 0.170996
13 0.252165 0.353896 0.038961 0.162338
20 0.297619 0.567100 0.064935 0.160173
15 0.262987 0.756494 0.060606 0.179654
8 0.338745 0.259740 0.058442 0.164502
0 0.383117 0.572511 0.058442 0.166667
3 0.408009 0.757576 0.060606 0.164502
5 0.457792 0.128788 0.073593 0.162338
30 0.462662 0.465368 0.055195 0.173160
7 0.534632 0.271645 0.051948 0.162338
28 0.558983 0.488095 0.050866 0.170996
22 0.490260 0.714286 0.071429 0.160173
2 0.581169 0.694805 0.062771 0.164502
12 0.622835 0.143939 0.048701 0.158009
26 0.652056 0.333333 0.035714 0.168831
19 0.680195 0.573593 0.068182 0.160173
18 0.714827 0.841991 0.072511 0.164502
25 0.706169 0.099567 0.050866 0.164502
6 0.730519 0.320346 0.064935 0.168831
1 0.797078 0.261905 0.053030 0.155844
17 0.809524 0.510823 0.056277 0.151515
11 0.833333 0.844156 0.067100 0.173160
9 0.902056 0.214286 0.055195 0.168831
10 0.923160 0.504329 0.071429 0.168831
29 0.928571 0.819264 0.060606 0.162338
