1 0.148810 0.090909 0.061688 0.164502
28 0.058442 0.344156 0.047619 0.181818
21 0.069264 0.670996 0.073593 0.186147
29 0.058442 0.870130 0.073593 0.173160
18 0.140693 0.374459 0.084416 0.168831
25 0.231602 0.401515 0.069264 0.175325
10 0.198593 0.660173 0.079004 0.194805
12 0.166126 0.885281 0.059524 0.168831
24 0.294372 0.606061 0.064935 0.177489
15 0.340368 0.228355 0.061688 0.188312
26 0.329545 0.808442 0.055195 0.192641
30 0.445346 0.112554 0.076840 0.186147
7 0.416126 0.349567 0.070346 0.170996
14 0.390693 0.537879 0.077922 0.175325
3 0.411797 0.872294 0.072511 0.194805
23 0.557900 0.155844 0.066017 0.190476
5 0.549242 0.399351 0.079004 0.192641
0 0.537879 0.637446 0.073593 0.183983
8 0.496212 0.839827 0.072511 0.177489
20 0.658550 0.329004 0.081169 0.190476
27 0.717532 0.129870 0.073593 0.164502
2 0.814394 0.119048 0.070346 0.177489
19 0.903139 0.243506 0.072511 0.179654
9 0.891234 0.441558 0.066017 0.181818
4 0.758658 0.510823 0.088745 0.173160
11 0.663961 0.615801 0.076840 0.179654
13 0.670996 0.837662 0.056277 0.181818
6 0.765152 0.823593 0.073593 0.183983
22 0.896645 0.690476 0.081169 0.181818
17 0.932359 0.903680 0.057359 0.170996
