30 0.072511 0.097403 0.069264 0.186147
18 0.167208 0.098485 0.079004 0.179654
26 0.277056 0.123377 0.051948 0.220779
19 0.469697 0.148268 0.071429 0.192641
6 0.569805 0.229437 0.079004 0.203463
8 0.673160 0.180736 0.073593 0.205628
9 0.787338 0.117965 0.072511 0.209957
23 0.902597 0.145022 0.080087 0.216450
21 0.096861 0.297619 0.083333 0.192641
1 0.244048 0.371212 0.085498 0.179654
0 0.379329 0.332251 0.089827 0.235931
27 0.683983 0.385281 0.101732 0.216450
17 0.793831 0.378788 0.057359 0.199134
7 0.909632 0.371212 0.072511 0.188312
2 0.121753 0.540043 0.113636 0.227273
11 0.224567 0.599567 0.085498 0.220779
4 0.319264 0.609307 0.088745 0.222944
28 0.482684 0.542208 0.088745 0.240260
24 0.640152 0.566017 0.085498 0.209957
29 0.741883 0.598485 0.074675 0.183983
10 0.869048 0.639610 0.097403 0.227273
14 0.055195 0.786797 0.084416 0.183983
25 0.170455 0.837662 0.089827 0.199134
22 0.298701 0.846320 0.093074 0.212121
5 0.390152 0.784632 0.081169 0.179654
20 0.485390 0.750000 0.074675 0.192641
3 0.587662 0.821429 0.095238 0.214286
12 0.673160 0.767316 0.060606 0.205628
15 0.772186 0.831169 0.070346 0.212121
13 0.933983 0.853896 0.051948 0.192641
