14 0.120671 0.294372 0.074675 0.164502
21 0.095779 0.517316 0.068182 0.181818
5 0.066558 0.857143 0.072511 0.173160
2 0.179113 0.683983 0.063853 0.164502
20 0.227814 0.200216 0.070346 0.162338
19 0.245130 0.475108 0.063853 0.166667
0 0.278680 0.853896 0.063853 0.162338
3 0.352814 0.121212 0.062771 0.168831
26 0.348485 0.361472 0.041126 0.177489
7 0.337662 0.600649 0.049784 0.153680
23 0.393398 0.886364 0.061688 0.175325
15 0.445887 0.237013 0.062771 0.170996
24 0.437771 0.458874 0.057359 0.173160
4 0.470779 0.720779 0.077922 0.160173
17 0.532468 0.146104 0.054113 0.153680
30 0.519481 0.505411 0.062771 0.170996
8 0.589827 0.695887 0.060606 0.162338
29 0.594156 0.867965 0.062771 0.164502
13 0.597944 0.459957 0.042208 0.166667
18 0.682359 0.292208 0.076840 0.173160
1 0.722944 0.615801 0.056277 0.158009
11 0.710498 0.804113 0.070346 0.162338
22 0.839286 0.811688 0.079004 0.164502
12 0.792749 0.606061 0.044372 0.160173
25 0.791667 0.125541 0.057359 0.177489
10 0.880411 0.096320 0.074675 0.170996
9 0.834957 0.351732 0.055195 0.175325
28 0.887446 0.574675 0.049784 0.179654
27 0.942641 0.326840 0.069264 0.160173
6 0.940476 0.785714 0.067100 0.168831
