11 0.107684 0.159091 0.074675 0.192641
19 0.051948 0.542208 0.075758 0.183983
23 0.067100 0.805195 0.069264 0.194805
29 0.153680 0.658009 0.069264 0.177489
0 0.206710 0.847403 0.062771 0.179654
6 0.164502 0.458874 0.075758 0.186147
27 0.208874 0.100649 0.067100 0.175325
18 0.290584 0.284632 0.083333 0.179654
3 0.321970 0.508658 0.074675 0.181818
17 0.294372 0.770563 0.060606 0.177489
7 0.446970 0.756494 0.058442 0.179654
26 0.431818 0.323593 0.038961 0.183983
10 0.405844 0.113636 0.082251 0.188312
12 0.509199 0.170996 0.055195 0.181818
22 0.596320 0.145022 0.084416 0.181818
14 0.627706 0.339827 0.080087 0.194805
8 0.486472 0.516234 0.066017 0.183983
30 0.581169 0.544372 0.064935 0.196970
1 0.548701 0.738095 0.058442 0.173160
15 0.674242 0.681818 0.064935 0.194805
24 0.688853 0.882035 0.068182 0.192641
4 0.727273 0.464286 0.084416 0.179654
13 0.817100 0.525974 0.043290 0.181818
5 0.824675 0.880952 0.086580 0.186147
28 0.930195 0.872294 0.055195 0.190476
9 0.906926 0.667749 0.064935 0.188312
25 0.916126 0.464286 0.057359 0.183983
20 0.722403 0.132035 0.076840 0.177489
2 0.837662 0.181818 0.073593 0.190476
21 0.938312 0.137446 0.069264 0.196970
