23 0.074675 0.108225 0.062771 0.181818
14 0.093615 0.496753 0.079004 0.179654
15 0.099026 0.779221 0.066017 0.181818
7 0.183983 0.255411 0.058442 0.173160
2 0.211580 0.506494 0.066017 0.168831
21 0.202922 0.709957 0.070346 0.181818
29 0.204004 0.891775 0.066017 0.164502
22 0.274351 0.327922 0.076840 0.166667
0 0.296537 0.636364 0.067100 0.173160
26 0.360390 0.859307 0.038961 0.177489
19 0.378247 0.096320 0.068182 0.166667
6 0.393939 0.444805 0.071429 0.175325
12 0.428571 0.681818 0.054113 0.168831
30 0.465368 0.200216 0.060606 0.179654
1 0.544913 0.233766 0.053030 0.155844
13 0.509199 0.452381 0.040043 0.173160
11 0.556277 0.645022 0.069264 0.177489
3 0.544372 0.846320 0.067100 0.168831
24 0.622835 0.176407 0.063853 0.179654
8 0.631494 0.363636 0.063853 0.168831
5 0.658550 0.615801 0.074675 0.166667
20 0.685606 0.830087 0.074675 0.170996
17 0.717532 0.235931 0.058442 0.164502
25 0.771104 0.432900 0.057359 0.177489
9 0.778680 0.712121 0.061688 0.186147
4 0.830628 0.248918 0.076840 0.160173
18 0.885823 0.560606 0.079004 0.177489
10 0.863636 0.770563 0.073593 0.173160
27 0.919913 0.338745 0.062771 0.166667
28 0.951840 0.155844 0.048701 0.181818
