28 0.070887 0.103896 0.068182 0.199134
19 0.183442 0.108225 0.079004 0.199134
22 0.268939 0.221861 0.081169 0.188312
24 0.353896 0.265152 0.064935 0.188312
23 0.491883 0.149351 0.066017 0.168831
3 0.614719 0.175325 0.077922 0.212121
20 0.715909 0.268398 0.072511 0.164502
17 0.826840 0.102814 0.056277 0.166667
4 0.936688 0.132035 0.085498 0.177489
13 0.837121 0.279221 0.055195 0.168831
30 0.944805 0.455628 0.067100 0.201299
5 0.846320 0.555195 0.082251 0.179654
21 0.757035 0.462121 0.068182 0.192641
0 0.648268 0.517316 0.071429 0.203463
15 0.570346 0.411255 0.067100 0.207792
10 0.479437 0.400433 0.080087 0.203463
1 0.401515 0.481602 0.067100 0.179654
14 0.202381 0.427489 0.075758 0.188312
2 0.075216 0.409091 0.068182 0.177489
7 0.053030 0.676407 0.051948 0.170996
26 0.137446 0.705628 0.045455 0.225108
27 0.209957 0.660173 0.067100 0.168831
12 0.170455 0.904762 0.070346 0.173160
18 0.306277 0.587662 0.084416 0.175325
29 0.265693 0.836580 0.081169 0.183983
11 0.402597 0.718615 0.077922 0.186147
9 0.532468 0.740260 0.060606 0.199134
6 0.721320 0.794372 0.074675 0.190476
25 0.822511 0.889610 0.064935 0.181818
8 0.944264 0.850649 0.068182 0.186147
