30 0.055195 0.229437 0.062771 0.173160
0 0.109848 0.393939 0.055195 0.151515
19 0.074134 0.639610 0.068182 0.162338
18 0.207251 0.273810 0.072511 0.166667
5 0.205087 0.593074 0.066017 0.155844
4 0.155303 0.794372 0.076840 0.147186
22 0.329004 0.235931 0.073593 0.151515
27 0.320346 0.401515 0.060606 0.149351
15 0.262446 0.836580 0.059524 0.162338
21 0.340368 0.878788 0.066017 0.164502
6 0.365801 0.571429 0.060606 0.155844
20 0.431818 0.717532 0.062771 0.140693
7 0.437771 0.217532 0.053030 0.140693
25 0.422619 0.370130 0.048701 0.147186
8 0.504329 0.283550 0.058442 0.151515
26 0.552489 0.091991 0.050866 0.166667
1 0.637446 0.115801 0.056277 0.153680
17 0.600649 0.409091 0.067100 0.160173
10 0.581710 0.613636 0.079004 0.153680
2 0.546537 0.860390 0.067100 0.162338
23 0.742424 0.139610 0.058442 0.166667
28 0.847944 0.100649 0.055195 0.158009
13 0.815476 0.279221 0.046537 0.155844
12 0.904221 0.401515 0.053030 0.153680
14 0.708874 0.353896 0.080087 0.153680
24 0.719697 0.576840 0.064935 0.170996
9 0.699675 0.792208 0.050866 0.160173
29 0.889610 0.595238 0.058442 0.155844
11 0.804113 0.744589 0.067100 0.147186
3 0.902597 0.811688 0.060606 0.155844
