12 0.054113 0.270563 0.064935 0.225108
2 0.081169 0.661255 0.093074 0.231602
24 0.060065 0.883117 0.070346 0.203463
25 0.193723 0.114719 0.060606 0.194805
1 0.196970 0.326840 0.071429 0.216450
27 0.179113 0.541126 0.068182 0.177489
17 0.157468 0.836580 0.076840 0.214286
8 0.345779 0.188312 0.085498 0.225108
10 0.284091 0.579004 0.098485 0.227273
14 0.288961 0.831169 0.099567 0.229437
21 0.452381 0.160173 0.077922 0.216450
4 0.437229 0.506494 0.103896 0.216450
13 0.391775 0.790043 0.049784 0.225108
29 0.464286 0.823593 0.064935 0.179654
0 0.544372 0.295455 0.080087 0.222944
30 0.621212 0.094156 0.056277 0.162338
7 0.704004 0.208874 0.074675 0.218615
23 0.639069 0.424242 0.070346 0.203463
3 0.674784 0.653680 0.089827 0.220779
11 0.544372 0.623377 0.095238 0.229437
15 0.560065 0.867965 0.083333 0.238095
20 0.666126 0.879870 0.087662 0.205628
19 0.746212 0.467532 0.083333 0.220779
9 0.782468 0.709957 0.073593 0.238095
22 0.841450 0.113636 0.089827 0.196970
6 0.844697 0.340909 0.091991 0.231602
26 0.947511 0.125541 0.037879 0.194805
28 0.950216 0.332251 0.047619 0.188312
18 0.898810 0.569264 0.102814 0.225108
5 0.904762 0.807359 0.101732 0.229437
