21 0.131494 0.141775 0.074675 0.201299
10 0.099026 0.406926 0.083333 0.190476
26 0.060606 0.872294 0.045455 0.194805
2 0.128247 0.688312 0.074675 0.190476
12 0.139610 0.892857 0.049784 0.175325
29 0.187229 0.466450 0.073593 0.188312
5 0.283550 0.600649 0.084416 0.179654
19 0.279221 0.810606 0.075758 0.179654
11 0.325216 0.174242 0.076840 0.188312
22 0.233225 0.283550 0.085498 0.177489
30 0.414502 0.120130 0.064935 0.192641
23 0.371212 0.441558 0.067100 0.190476
18 0.397186 0.767316 0.084416 0.179654
8 0.517316 0.836580 0.067100 0.183983
4 0.485931 0.334416 0.086580 0.170996
17 0.494048 0.145022 0.063853 0.164502
15 0.525974 0.541126 0.071429 0.199134
1 0.622835 0.613636 0.059524 0.170996
13 0.610931 0.822511 0.040043 0.181818
7 0.702381 0.731602 0.060606 0.173160
0 0.804113 0.681818 0.067100 0.186147
25 0.813312 0.882035 0.059524 0.179654
24 0.706169 0.522727 0.063853 0.188312
14 0.631494 0.260823 0.085498 0.188312
6 0.740260 0.265152 0.077922 0.188312
3 0.859307 0.424242 0.069264 0.181818
27 0.941017 0.580087 0.068182 0.177489
20 0.936147 0.782468 0.077922 0.179654
28 0.951840 0.359307 0.050866 0.186147
9 0.885281 0.130952 0.062771 0.188312
