9 0.079004 0.167749 0.069264 0.209957
10 0.061147 0.482684 0.091991 0.194805
8 0.099026 0.807359 0.074675 0.194805
30 0.179113 0.107143 0.063853 0.196970
14 0.186688 0.305195 0.089827 0.207792
6 0.178030 0.573593 0.089827 0.203463
20 0.241342 0.788961 0.088745 0.196970
29 0.274351 0.108225 0.076840 0.190476
25 0.279762 0.494589 0.066017 0.196970
3 0.347403 0.660173 0.082251 0.203463
18 0.385281 0.883117 0.093074 0.194805
1 0.336039 0.307359 0.068182 0.186147
23 0.413961 0.138528 0.076840 0.207792
12 0.443182 0.497835 0.059524 0.190476
24 0.490260 0.832251 0.075758 0.205628
7 0.513528 0.161255 0.063853 0.188312
22 0.520563 0.400433 0.088745 0.194805
4 0.581710 0.679654 0.089827 0.186147
27 0.609307 0.887446 0.073593 0.186147
5 0.623377 0.246753 0.084416 0.194805
15 0.640152 0.462121 0.070346 0.214286
21 0.715909 0.878788 0.074675 0.212121
0 0.731602 0.128788 0.075758 0.196970
17 0.737013 0.356061 0.067100 0.183983
2 0.760823 0.641775 0.077922 0.201299
26 0.832792 0.172078 0.042208 0.209957
28 0.834416 0.423160 0.051948 0.209957
11 0.856602 0.827922 0.087662 0.201299
13 0.905303 0.272727 0.044372 0.207792
19 0.922619 0.547619 0.083333 0.207792
