23 0.048160 0.162338 0.050866 0.147186
28 0.051948 0.709957 0.043290 0.147186
10 0.100649 0.358225 0.058442 0.136364
11 0.159091 0.135281 0.058442 0.136364
1 0.134740 0.546537 0.042208 0.132035
22 0.161255 0.832251 0.062771 0.140693
7 0.251082 0.863636 0.043290 0.134199
0 0.203463 0.402597 0.049784 0.142857
20 0.244589 0.177489 0.056277 0.129870
5 0.371212 0.262987 0.060606 0.140693
21 0.425325 0.107143 0.056277 0.145022
12 0.382576 0.439394 0.037879 0.134199
3 0.369048 0.672078 0.056277 0.145022
29 0.460498 0.307359 0.057359 0.134199
24 0.449675 0.478355 0.050866 0.147186
18 0.493506 0.707792 0.062771 0.151515
13 0.527056 0.248918 0.032468 0.142857
27 0.559524 0.530303 0.049784 0.134199
8 0.583333 0.793290 0.051948 0.136364
17 0.636364 0.149351 0.045455 0.138528
9 0.734848 0.426407 0.049784 0.151515
4 0.696970 0.683983 0.071429 0.142857
15 0.728355 0.844156 0.051948 0.147186
6 0.742965 0.132035 0.059524 0.147186
25 0.834957 0.243506 0.042208 0.140693
2 0.832792 0.595238 0.055195 0.142857
26 0.868506 0.843074 0.031385 0.145022
19 0.897727 0.411255 0.059524 0.138528
30 0.900974 0.104978 0.050866 0.145022
14 0.953463 0.628788 0.058442 0.140693
