10 0.113095 0.265152 0.117965 0.253247
8 0.103355 0.532468 0.087662 0.216450
17 0.116342 0.804113 0.085498 0.209957
5 0.242965 0.173160 0.107143 0.233766
11 0.238636 0.420996 0.091991 0.222944
14 0.247835 0.742424 0.101732 0.238095
27 0.380952 0.090909 0.073593 0.160173
7 0.356061 0.287879 0.084416 0.229437
24 0.393939 0.484848 0.077922 0.190476
1 0.354437 0.685065 0.085498 0.218615
22 0.357684 0.889610 0.100649 0.203463
6 0.517857 0.279221 0.100649 0.246753
18 0.505952 0.583333 0.111472 0.205628
28 0.451299 0.779221 0.069264 0.181818
0 0.529221 0.810606 0.093074 0.222944
29 0.593615 0.094156 0.072511 0.166667
23 0.610390 0.309524 0.069264 0.194805
13 0.656926 0.522727 0.071429 0.240260
12 0.623377 0.770563 0.069264 0.225108
3 0.691017 0.134199 0.100649 0.233766
19 0.750000 0.453463 0.097403 0.235931
9 0.731061 0.806277 0.089827 0.248918
20 0.796537 0.151515 0.097403 0.216450
15 0.909632 0.138528 0.079004 0.242424
2 0.865260 0.437229 0.091991 0.225108
30 0.954004 0.371212 0.061688 0.175325
21 0.946970 0.611472 0.071429 0.201299
26 0.827381 0.622294 0.053030 0.175325
4 0.859307 0.832251 0.108225 0.235931
25 0.944805 0.884199 0.067100 0.192641
