28 0.095238 0.152597 0.049784 0.166667
10 0.087662 0.518398 0.073593 0.170996
21 0.099567 0.833333 0.060606 0.173160
9 0.175866 0.250000 0.057359 0.179654
17 0.163420 0.536797 0.056277 0.160173
27 0.199675 0.908009 0.061688 0.153680
24 0.253788 0.404762 0.061688 0.168831
15 0.255952 0.693723 0.063853 0.175325
14 0.283550 0.890693 0.071429 0.166667
5 0.343074 0.255411 0.069264 0.160173
1 0.352273 0.489177 0.053030 0.155844
6 0.398268 0.900433 0.067100 0.164502
4 0.456169 0.148268 0.072511 0.153680
29 0.420996 0.412338 0.062771 0.162338
12 0.439935 0.627706 0.053030 0.168831
18 0.518939 0.517316 0.072511 0.164502
11 0.517316 0.827922 0.067100 0.162338
7 0.623918 0.332251 0.053030 0.158009
23 0.629870 0.581169 0.056277 0.170996
2 0.637446 0.846320 0.060606 0.164502
25 0.677489 0.114719 0.051948 0.164502
13 0.712121 0.449134 0.036797 0.170996
30 0.778680 0.165584 0.059524 0.175325
0 0.867965 0.268398 0.058442 0.164502
26 0.830087 0.470779 0.034632 0.170996
8 0.781385 0.701299 0.062771 0.168831
22 0.909632 0.897186 0.072511 0.166667
3 0.918290 0.543290 0.063853 0.168831
20 0.937229 0.094156 0.067100 0.158009
19 0.943182 0.269481 0.063853 0.158009
