5 0.114719 0.156926 0.101732 0.222944
22 0.246212 0.112554 0.102814 0.207792
4 0.372294 0.233766 0.108225 0.220779
19 0.104978 0.401515 0.090909 0.222944
23 0.054654 0.629870 0.072511 0.203463
3 0.113095 0.857143 0.096320 0.220779
28 0.206710 0.889610 0.056277 0.173160
26 0.236472 0.547619 0.050866 0.177489
10 0.227273 0.338745 0.110390 0.222944
20 0.339286 0.480519 0.102814 0.225108
15 0.291667 0.756494 0.087662 0.235931
0 0.395022 0.718615 0.090909 0.229437
21 0.491342 0.218615 0.097403 0.225108
2 0.478355 0.466450 0.093074 0.218615
24 0.491342 0.680736 0.082251 0.196970
13 0.549784 0.864719 0.054113 0.218615
11 0.596861 0.192641 0.098485 0.229437
29 0.580087 0.390693 0.069264 0.158009
12 0.589286 0.590909 0.066017 0.225108
25 0.666667 0.405844 0.062771 0.183983
30 0.670996 0.598485 0.067100 0.170996
14 0.764069 0.586580 0.101732 0.233766
18 0.777056 0.844156 0.110390 0.233766
8 0.923160 0.779221 0.088745 0.233766
17 0.911255 0.483766 0.077922 0.227273
27 0.827381 0.375541 0.066017 0.170996
7 0.747835 0.262987 0.082251 0.222944
6 0.891775 0.174242 0.106061 0.227273
1 0.153139 0.629870 0.085498 0.216450
9 0.656926 0.851732 0.086580 0.248918
