23 0.104437 0.142857 0.063853 0.168831
3 0.109848 0.484848 0.068182 0.164502
4 0.063312 0.701299 0.074675 0.155844
25 0.054654 0.890693 0.057359 0.166667
10 0.186688 0.759740 0.079004 0.177489
17 0.195346 0.319264 0.055195 0.162338
14 0.284632 0.527056 0.080087 0.175325
12 0.321970 0.750000 0.048701 0.153680
2 0.298160 0.153680 0.066017 0.173160
11 0.417208 0.093074 0.074675 0.168831
7 0.399351 0.427489 0.051948 0.170996
22 0.386905 0.679654 0.070346 0.155844
13 0.458874 0.836580 0.045455 0.158009
0 0.502165 0.506494 0.067100 0.173160
28 0.497294 0.259740 0.053030 0.168831
30 0.583874 0.112554 0.059524 0.177489
5 0.609848 0.305195 0.068182 0.177489
20 0.586580 0.516234 0.069264 0.162338
15 0.622294 0.807359 0.056277 0.177489
27 0.710498 0.525974 0.061688 0.151515
18 0.702381 0.260823 0.077922 0.153680
24 0.667208 0.091991 0.057359 0.166667
26 0.836039 0.277056 0.046537 0.168831
8 0.895563 0.127706 0.061688 0.168831
21 0.953463 0.317100 0.069264 0.166667
29 0.922619 0.533550 0.059524 0.162338
6 0.823593 0.639610 0.069264 0.166667
9 0.902056 0.798701 0.059524 0.173160
1 0.825216 0.825758 0.061688 0.153680
19 0.739719 0.897186 0.066017 0.158009
