11 0.086039 0.201299 0.094156 0.229437
18 0.079545 0.458874 0.100649 0.229437
6 0.218074 0.146104 0.091991 0.231602
26 0.191017 0.353896 0.037879 0.175325
24 0.188853 0.555195 0.057359 0.183983
2 0.285173 0.450216 0.083333 0.225108
19 0.344697 0.151515 0.089827 0.229437
29 0.448593 0.100649 0.055195 0.149351
17 0.454004 0.294372 0.070346 0.212121
4 0.590368 0.255411 0.102814 0.225108
8 0.744048 0.277056 0.085498 0.225108
22 0.841991 0.119048 0.084416 0.194805
15 0.939935 0.114719 0.072511 0.207792
10 0.857684 0.353896 0.100649 0.227273
5 0.938853 0.604978 0.094156 0.222944
28 0.852273 0.645022 0.042208 0.164502
12 0.876082 0.856061 0.053030 0.218615
3 0.757576 0.674242 0.077922 0.227273
20 0.680195 0.505411 0.085498 0.209957
30 0.664502 0.701299 0.049784 0.151515
27 0.759199 0.889610 0.057359 0.151515
25 0.678571 0.884199 0.051948 0.175325
1 0.586039 0.859307 0.068182 0.212121
7 0.578463 0.512987 0.068182 0.216450
0 0.472403 0.547619 0.079004 0.229437
13 0.464827 0.808442 0.048701 0.227273
23 0.368506 0.558442 0.063853 0.190476
14 0.320887 0.788961 0.096320 0.218615
15 0.205628 0.780303 0.080087 0.235931
9 0.084957 0.777056 0.076840 0.233766
