0 0.124459 0.181818 0.058442 0.142857
18 0.083333 0.449134 0.069264 0.145022
22 0.086039 0.858225 0.074675 0.149351
28 0.136905 0.662338 0.044372 0.142857
25 0.193723 0.190476 0.051948 0.151515
4 0.178030 0.872294 0.068182 0.147186
11 0.311688 0.143939 0.060606 0.145022
20 0.309524 0.382035 0.056277 0.140693
3 0.245130 0.544372 0.063853 0.158009
23 0.267857 0.767316 0.055195 0.145022
29 0.406385 0.095238 0.055195 0.147186
27 0.379329 0.292208 0.059524 0.138528
13 0.381494 0.752165 0.042208 0.149351
6 0.455087 0.313853 0.066017 0.151515
14 0.443182 0.721861 0.059524 0.136364
19 0.489177 0.523810 0.056277 0.147186
24 0.548701 0.156926 0.047619 0.145022
15 0.529221 0.352814 0.058442 0.142857
7 0.508658 0.706710 0.051948 0.140693
26 0.602814 0.506494 0.034632 0.142857
1 0.655844 0.174242 0.051948 0.127706
9 0.662879 0.363636 0.050866 0.142857
10 0.680195 0.634199 0.063853 0.138528
5 0.647727 0.875541 0.063853 0.140693
17 0.736472 0.875541 0.050866 0.132035
8 0.794372 0.165584 0.054113 0.145022
12 0.865260 0.238095 0.044372 0.147186
2 0.789502 0.708874 0.055195 0.136364
30 0.860931 0.729437 0.046537 0.164502
21 0.933442 0.696970 0.057359 0.151515
