5 0.294913 0.091991 0.070346 0.140693
13 0.257576 0.341991 0.038961 0.142857
18 0.188853 0.314935 0.066017 0.145022
7 0.114719 0.380952 0.049784 0.138528
17 0.107684 0.654762 0.048701 0.145022
20 0.182900 0.729437 0.064935 0.147186
9 0.204545 0.520563 0.051948 0.145022
27 0.307900 0.495671 0.053030 0.138528
23 0.289502 0.690476 0.053030 0.147186
3 0.343615 0.873377 0.055195 0.149351
6 0.384740 0.630952 0.059524 0.149351
24 0.435065 0.791126 0.051948 0.158009
10 0.533009 0.910173 0.059524 0.140693
4 0.481602 0.458874 0.067100 0.129870
30 0.459957 0.281385 0.054113 0.142857
25 0.443182 0.085498 0.044372 0.145022
11 0.601732 0.183983 0.060606 0.142857
28 0.587121 0.445887 0.044372 0.147186
26 0.588745 0.658009 0.041126 0.151515
0 0.654221 0.773810 0.057359 0.153680
2 0.696970 0.107143 0.056277 0.140693
8 0.750541 0.367965 0.050866 0.147186
21 0.769481 0.663420 0.062771 0.149351
15 0.762446 0.823593 0.057359 0.149351
22 0.845779 0.608225 0.063853 0.151515
1 0.887987 0.865801 0.048701 0.134199
12 0.926407 0.639610 0.045455 0.153680
14 0.928030 0.293290 0.068182 0.149351
29 0.860931 0.110390 0.057359 0.142857
19 0.933983 0.079004 0.060606 0.140693
