26 0.080087 0.110390 0.045455 0.194805
10 0.108225 0.318182 0.097403 0.212121
28 0.063853 0.541126 0.051948 0.194805
13 0.073052 0.778139 0.057359 0.218615
20 0.162338 0.798701 0.090909 0.207792
18 0.159632 0.541126 0.098485 0.203463
30 0.206710 0.331169 0.069264 0.194805
29 0.155303 0.112554 0.074675 0.181818
4 0.291667 0.202381 0.096320 0.205628
14 0.286797 0.520563 0.099567 0.209957
1 0.254870 0.760823 0.072511 0.192641
21 0.354978 0.867965 0.086580 0.225108
3 0.402056 0.616883 0.089827 0.216450
12 0.389610 0.314935 0.060606 0.209957
27 0.451840 0.098485 0.079004 0.188312
5 0.511905 0.312771 0.101732 0.209957
24 0.499459 0.535714 0.070346 0.209957
11 0.461039 0.871212 0.090909 0.218615
23 0.579004 0.876623 0.075758 0.216450
6 0.600108 0.659091 0.087662 0.214286
19 0.633117 0.393939 0.086580 0.216450
25 0.589827 0.109307 0.064935 0.201299
8 0.694805 0.179654 0.086580 0.207792
17 0.722944 0.576840 0.067100 0.205628
7 0.696970 0.799784 0.075758 0.209957
15 0.811147 0.861472 0.079004 0.229437
9 0.915043 0.822511 0.085498 0.220779
22 0.933983 0.575758 0.093074 0.212121
0 0.866883 0.190476 0.082251 0.216450
2 0.846861 0.459957 0.087662 0.218615
