23 0.106602 0.116883 0.072511 0.190476
2 0.133658 0.313853 0.074675 0.177489
29 0.051407 0.458874 0.072511 0.177489
4 0.080628 0.664502 0.087662 0.173160
12 0.045455 0.858225 0.056277 0.179654
13 0.176948 0.887446 0.050866 0.186147
15 0.236472 0.525974 0.072511 0.199134
11 0.266234 0.166667 0.080087 0.190476
10 0.331169 0.441558 0.077922 0.181818
9 0.275433 0.817100 0.070346 0.192641
27 0.387987 0.877706 0.079004 0.188312
26 0.422078 0.653680 0.045455 0.190476
7 0.373918 0.106061 0.066017 0.199134
24 0.465909 0.152597 0.074675 0.201299
18 0.437229 0.364719 0.084416 0.188312
1 0.466450 0.841991 0.064935 0.173160
19 0.534632 0.600649 0.075758 0.188312
3 0.555736 0.857143 0.076840 0.190476
21 0.545455 0.356061 0.077922 0.192641
14 0.597403 0.128788 0.086580 0.188312
5 0.633117 0.472944 0.080087 0.179654
30 0.627706 0.683983 0.069264 0.203463
8 0.715368 0.757576 0.067100 0.186147
22 0.753788 0.479437 0.083333 0.183983
20 0.738636 0.239177 0.076840 0.179654
0 0.839827 0.545455 0.071429 0.190476
6 0.875000 0.220779 0.072511 0.190476
25 0.942641 0.540043 0.060606 0.188312
17 0.878788 0.746753 0.067100 0.177489
28 0.810065 0.876623 0.059524 0.194805
