19 0.127706 0.124459 0.069264 0.158009
2 0.086039 0.304113 0.066017 0.158009
15 0.106061 0.554113 0.064935 0.168831
27 0.074675 0.800866 0.062771 0.155844
18 0.252706 0.224026 0.074675 0.162338
7 0.234848 0.492424 0.054113 0.153680
11 0.201840 0.694805 0.070346 0.160173
6 0.260823 0.900433 0.071429 0.168831
22 0.346861 0.182900 0.070346 0.153680
14 0.317641 0.535714 0.072511 0.166667
24 0.345779 0.720779 0.057359 0.168831
25 0.454004 0.215368 0.048701 0.158009
23 0.448593 0.410173 0.057359 0.170996
9 0.445887 0.730519 0.056277 0.175325
21 0.553030 0.269481 0.060606 0.179654
0 0.569805 0.665584 0.059524 0.162338
5 0.589827 0.892857 0.073593 0.162338
4 0.632576 0.200216 0.079004 0.158009
13 0.618506 0.487013 0.035714 0.164502
29 0.667749 0.656926 0.062771 0.153680
3 0.704545 0.886364 0.064935 0.162338
30 0.727273 0.182900 0.058442 0.166667
20 0.761905 0.496753 0.069264 0.166667
12 0.780303 0.722944 0.051948 0.160173
1 0.846861 0.298701 0.055195 0.151515
26 0.851732 0.544372 0.034632 0.166667
17 0.932359 0.190476 0.053030 0.151515
28 0.939935 0.503247 0.048701 0.170996
8 0.931818 0.701299 0.058442 0.160173
10 0.924242 0.866883 0.075758 0.162338
