17 0.094697 0.183983 0.066017 0.190476
14 0.084957 0.478355 0.087662 0.212121
11 0.074675 0.795455 0.088745 0.205628
26 0.193182 0.385281 0.044372 0.207792
22 0.169372 0.878788 0.089827 0.194805
6 0.228355 0.176407 0.084416 0.205628
3 0.238095 0.608225 0.082251 0.207792
13 0.259740 0.869048 0.047619 0.205628
24 0.338203 0.142857 0.070346 0.212121
20 0.319805 0.382035 0.083333 0.205628
27 0.334416 0.726190 0.071429 0.188312
8 0.443723 0.185065 0.075758 0.201299
10 0.419913 0.545455 0.088745 0.207792
0 0.424242 0.807359 0.077922 0.212121
9 0.578463 0.162338 0.066017 0.212121
19 0.537338 0.461039 0.081169 0.194805
28 0.521104 0.662338 0.053030 0.177489
30 0.511364 0.898268 0.061688 0.173160
21 0.711039 0.163420 0.080087 0.214286
1 0.674784 0.399351 0.066017 0.188312
12 0.625541 0.621212 0.058442 0.194805
5 0.599567 0.835498 0.088745 0.199134
2 0.825758 0.133117 0.077922 0.201299
18 0.768939 0.501082 0.098485 0.201299
15 0.728355 0.879870 0.073593 0.218615
25 0.926407 0.125541 0.060606 0.203463
4 0.876623 0.397186 0.099567 0.192641
7 0.844156 0.760823 0.064935 0.192641
23 0.932359 0.707792 0.072511 0.216450
29 0.913961 0.900433 0.068182 0.155844
