23 0.081169 0.224026 0.073593 0.205628
8 0.061147 0.467532 0.072511 0.194805
25 0.060065 0.687229 0.059524 0.183983
30 0.067100 0.888528 0.075758 0.201299
5 0.156926 0.824675 0.080087 0.186147
27 0.147186 0.606061 0.073593 0.181818
17 0.181277 0.160173 0.061688 0.181818
11 0.244589 0.554113 0.082251 0.190476
26 0.261364 0.820346 0.046537 0.194805
19 0.286255 0.227273 0.079004 0.181818
29 0.399351 0.338745 0.071429 0.183983
4 0.406926 0.527056 0.088745 0.183983
14 0.353896 0.791126 0.086580 0.188312
6 0.457251 0.874459 0.081169 0.194805
7 0.556818 0.864719 0.063853 0.179654
13 0.508658 0.615801 0.049784 0.188312
1 0.549242 0.462121 0.066017 0.179654
20 0.389610 0.143939 0.082251 0.183983
21 0.488636 0.133117 0.074675 0.205628
12 0.629329 0.146104 0.057359 0.188312
0 0.678030 0.442641 0.072511 0.192641
18 0.660714 0.669913 0.089827 0.188312
24 0.683442 0.869048 0.072511 0.196970
10 0.798701 0.880952 0.084416 0.190476
9 0.829545 0.531385 0.061688 0.196970
2 0.886905 0.752165 0.074675 0.183983
28 0.719156 0.113636 0.057359 0.192641
3 0.803571 0.254329 0.076840 0.192641
22 0.936688 0.400433 0.083333 0.190476
15 0.916667 0.127706 0.069264 0.203463
