17 0.062229 0.133117 0.063853 0.205628
29 0.150433 0.093074 0.056277 0.155844
3 0.246753 0.190476 0.075758 0.216450
22 0.352814 0.108225 0.080087 0.181818
2 0.471861 0.280303 0.082251 0.222944
4 0.629870 0.238095 0.099567 0.212121
18 0.754870 0.142857 0.102814 0.220779
14 0.876623 0.172078 0.095238 0.222944
1 0.852814 0.419913 0.064935 0.207792
24 0.942641 0.416667 0.054113 0.188312
27 0.944805 0.602814 0.064935 0.158009
26 0.949134 0.878788 0.034632 0.186147
9 0.851732 0.764069 0.077922 0.238095
25 0.785173 0.556277 0.053030 0.177489
30 0.771104 0.358225 0.050866 0.170996
11 0.681277 0.536797 0.089827 0.233766
13 0.708874 0.866883 0.047619 0.222944
21 0.617424 0.862554 0.083333 0.235931
0 0.554654 0.619048 0.076840 0.216450
28 0.552489 0.404762 0.042208 0.155844
20 0.431277 0.566017 0.087662 0.214286
5 0.333874 0.796537 0.094156 0.212121
8 0.356602 0.326840 0.081169 0.216450
15 0.249459 0.437229 0.079004 0.229437
6 0.198052 0.719697 0.086580 0.222944
23 0.140693 0.288961 0.062771 0.192641
12 0.064394 0.374459 0.057359 0.216450
10 0.071970 0.627706 0.091991 0.220779
19 0.065476 0.862554 0.085498 0.205628
7 0.507035 0.861472 0.068182 0.207792
