7 0.152597 0.149351 0.058442 0.160173
5 0.077922 0.345238 0.080087 0.179654
20 0.065476 0.640693 0.076840 0.168831
29 0.048701 0.877706 0.058442 0.162338
6 0.162338 0.598485 0.073593 0.183983
22 0.140152 0.878788 0.076840 0.173160
12 0.274892 0.107143 0.067100 0.162338
14 0.299242 0.274892 0.068182 0.160173
15 0.248377 0.538961 0.070346 0.186147
1 0.299242 0.784632 0.061688 0.166667
23 0.365801 0.475108 0.071429 0.179654
9 0.367965 0.178571 0.060606 0.170996
19 0.470238 0.228355 0.074675 0.183983
4 0.499459 0.638528 0.072511 0.168831
25 0.408009 0.816017 0.049784 0.177489
26 0.483766 0.889610 0.041126 0.168831
0 0.559524 0.430736 0.062771 0.164502
21 0.601732 0.187229 0.077922 0.183983
11 0.658009 0.531385 0.077922 0.175325
17 0.610931 0.699134 0.059524 0.142857
28 0.628788 0.901515 0.062771 0.179654
10 0.714827 0.360390 0.072511 0.162338
24 0.733225 0.179654 0.063853 0.186147
2 0.740801 0.662338 0.061688 0.155844
27 0.731602 0.834416 0.062771 0.158009
13 0.811147 0.845238 0.050866 0.162338
18 0.814394 0.331169 0.072511 0.168831
8 0.897186 0.235931 0.071429 0.203463
3 0.883117 0.560606 0.073593 0.168831
30 0.928571 0.799784 0.064935 0.183983
