26 0.062771 0.114719 0.043290 0.186147
9 0.089286 0.458874 0.070346 0.212121
14 0.083874 0.706710 0.087662 0.209957
29 0.127165 0.902597 0.066017 0.173160
12 0.139610 0.159091 0.062771 0.192641
28 0.248918 0.100649 0.054113 0.179654
18 0.242424 0.305195 0.093074 0.207792
0 0.252706 0.559524 0.076840 0.209957
1 0.211039 0.781385 0.067100 0.190476
5 0.332792 0.866883 0.089827 0.201299
8 0.352273 0.221861 0.076840 0.201299
4 0.426948 0.556277 0.094156 0.199134
15 0.440476 0.775974 0.073593 0.218615
30 0.448593 0.098485 0.061688 0.175325
3 0.482684 0.300866 0.077922 0.199134
25 0.541667 0.123377 0.057359 0.190476
24 0.529221 0.522727 0.082251 0.218615
21 0.541126 0.825758 0.075758 0.218615
19 0.637987 0.145022 0.079004 0.203463
11 0.634740 0.367965 0.085498 0.203463
13 0.614719 0.686147 0.045455 0.203463
27 0.633117 0.895022 0.069264 0.170996
23 0.690476 0.602814 0.071429 0.209957
7 0.727814 0.846320 0.063853 0.194805
6 0.789502 0.229437 0.083333 0.212121
10 0.801407 0.577922 0.089827 0.207792
20 0.821429 0.799784 0.082251 0.201299
22 0.912338 0.116883 0.093074 0.199134
17 0.893398 0.341991 0.070346 0.194805
2 0.932359 0.702381 0.081169 0.214286
