14 0.075216 0.185065 0.079004 0.205628
22 0.061147 0.505411 0.089827 0.192641
30 0.068182 0.893939 0.060606 0.186147
0 0.132035 0.698052 0.069264 0.192641
29 0.158550 0.896104 0.070346 0.177489
1 0.250000 0.801948 0.060606 0.179654
7 0.169372 0.268398 0.059524 0.177489
13 0.177489 0.475108 0.041126 0.196970
2 0.298160 0.278139 0.072511 0.196970
9 0.330628 0.632035 0.063853 0.203463
20 0.365260 0.835498 0.079004 0.190476
8 0.431818 0.153680 0.073593 0.181818
3 0.427489 0.437229 0.073593 0.194805
10 0.516234 0.601732 0.080087 0.190476
23 0.472403 0.822511 0.072511 0.203463
26 0.522186 0.369048 0.037879 0.192641
25 0.557359 0.107143 0.056277 0.188312
6 0.610931 0.312771 0.076840 0.192641
19 0.617965 0.581169 0.073593 0.188312
18 0.612554 0.801948 0.084416 0.188312
12 0.690476 0.132035 0.054113 0.186147
4 0.701299 0.393939 0.088745 0.181818
27 0.722944 0.589827 0.071429 0.179654
5 0.708333 0.791126 0.085498 0.192641
17 0.806818 0.221861 0.068182 0.179654
21 0.904762 0.112554 0.071429 0.203463
15 0.866883 0.467532 0.069264 0.203463
11 0.851190 0.737013 0.081169 0.196970
28 0.949134 0.635281 0.054113 0.192641
24 0.940476 0.887446 0.067100 0.199134
