18 0.072511 0.182900 0.080087 0.175325
26 0.079545 0.587662 0.042208 0.183983
1 0.064394 0.811688 0.057359 0.164502
7 0.130952 0.412338 0.051948 0.162338
19 0.161797 0.662338 0.070346 0.173160
17 0.170455 0.895022 0.059524 0.166667
6 0.221861 0.141775 0.069264 0.183983
0 0.241342 0.389610 0.062771 0.173160
22 0.301407 0.591991 0.079004 0.175325
12 0.296537 0.825758 0.051948 0.170996
3 0.378788 0.239177 0.067100 0.170996
10 0.402056 0.468615 0.076840 0.175325
5 0.448052 0.691558 0.075758 0.175325
21 0.445887 0.873377 0.067100 0.183983
30 0.463745 0.154762 0.061688 0.179654
11 0.558442 0.098485 0.071429 0.170996
14 0.538961 0.327922 0.075758 0.175325
25 0.552489 0.563853 0.055195 0.175325
13 0.569805 0.810606 0.037879 0.175325
29 0.628788 0.272727 0.064935 0.164502
4 0.688853 0.506494 0.081169 0.164502
24 0.656926 0.827922 0.062771 0.183983
2 0.722403 0.277056 0.068182 0.173160
27 0.817641 0.200216 0.066017 0.170996
20 0.836039 0.536797 0.070346 0.173160
15 0.820887 0.756494 0.066017 0.183983
8 0.922619 0.224026 0.063853 0.175325
9 0.936688 0.437229 0.059524 0.173160
28 0.934524 0.645022 0.050866 0.181818
23 0.935606 0.890693 0.061688 0.183983
