14 0.112013 0.158009 0.096320 0.207792
3 0.137446 0.388528 0.086580 0.218615
4 0.110390 0.625541 0.097403 0.203463
30 0.055195 0.888528 0.062771 0.192641
20 0.149351 0.853896 0.088745 0.205628
17 0.226732 0.117965 0.068182 0.201299
21 0.245671 0.356061 0.086580 0.218615
29 0.195346 0.653680 0.063853 0.173160
11 0.297078 0.610390 0.089827 0.212121
24 0.251623 0.876623 0.076840 0.207792
8 0.345779 0.874459 0.081169 0.203463
0 0.339286 0.191558 0.083333 0.218615
6 0.418831 0.437229 0.088745 0.216450
22 0.429654 0.656926 0.093074 0.201299
28 0.445346 0.874459 0.053030 0.190476
18 0.484848 0.128788 0.099567 0.209957
26 0.523268 0.453463 0.044372 0.196970
1 0.583333 0.313853 0.069264 0.203463
15 0.528139 0.764069 0.077922 0.229437
5 0.616342 0.584416 0.096320 0.220779
10 0.637987 0.866883 0.096320 0.218615
25 0.657468 0.113636 0.070346 0.196970
7 0.745130 0.312771 0.070346 0.196970
12 0.751082 0.604978 0.060606 0.209957
19 0.774892 0.835498 0.084416 0.207792
23 0.824134 0.114719 0.074675 0.207792
13 0.878247 0.455628 0.055195 0.209957
9 0.922078 0.214286 0.077922 0.220779
2 0.910173 0.700216 0.082251 0.218615
27 0.935065 0.901515 0.073593 0.179654
