8 0.075216 0.123377 0.081169 0.212121
15 0.178571 0.137446 0.099567 0.231602
24 0.335498 0.125541 0.084416 0.216450
28 0.428030 0.251082 0.061688 0.229437
5 0.516775 0.140693 0.085498 0.199134
14 0.630952 0.258658 0.086580 0.209957
25 0.774351 0.121212 0.081169 0.225108
9 0.915043 0.167749 0.066017 0.214286
26 0.920455 0.480519 0.055195 0.220779
2 0.807900 0.350649 0.096320 0.203463
30 0.772186 0.535714 0.072511 0.205628
11 0.684524 0.459957 0.083333 0.205628
29 0.587662 0.470779 0.082251 0.205628
12 0.509199 0.375541 0.070346 0.209957
7 0.423701 0.524892 0.081169 0.196970
3 0.329004 0.329004 0.097403 0.216450
19 0.197511 0.437229 0.089827 0.203463
1 0.105519 0.409091 0.076840 0.207792
10 0.080087 0.616883 0.097403 0.199134
18 0.184524 0.672078 0.100649 0.222944
0 0.288420 0.682900 0.096320 0.209957
4 0.442641 0.738095 0.088745 0.216450
13 0.556277 0.751082 0.067100 0.216450
20 0.675325 0.656926 0.082251 0.192641
6 0.784632 0.752165 0.103896 0.248918
17 0.902597 0.686147 0.073593 0.181818
22 0.917749 0.873377 0.099567 0.192641
23 0.673160 0.874459 0.099567 0.203463
27 0.280844 0.893939 0.109307 0.194805
21 0.123918 0.882035 0.098485 0.205628
