29 0.051948 0.099567 0.080087 0.186147
11 0.152597 0.167749 0.080087 0.192641
20 0.101732 0.385281 0.077922 0.186147
19 0.058983 0.594156 0.083333 0.183983
28 0.107684 0.872294 0.061688 0.199134
5 0.200216 0.718615 0.086580 0.190476
12 0.237013 0.350649 0.060606 0.181818
30 0.273268 0.536797 0.074675 0.194805
15 0.297619 0.154762 0.075758 0.196970
3 0.362013 0.514069 0.072511 0.192641
3 0.347403 0.797619 0.056277 0.188312
24 0.400974 0.278139 0.072511 0.201299
1 0.437229 0.121212 0.062771 0.181818
10 0.457251 0.608225 0.094156 0.194805
6 0.489177 0.860390 0.080087 0.201299
9 0.536255 0.428571 0.068182 0.199134
18 0.569264 0.179654 0.090909 0.194805
0 0.649892 0.524892 0.074675 0.196970
2 0.563853 0.653680 0.067100 0.181818
27 0.586039 0.839827 0.068182 0.177489
25 0.667208 0.747835 0.061688 0.188312
23 0.687229 0.141775 0.071429 0.188312
7 0.727814 0.341991 0.063853 0.181818
26 0.791667 0.150433 0.053030 0.222944
8 0.903139 0.183983 0.076840 0.207792
17 0.827381 0.398268 0.072511 0.194805
4 0.768939 0.666667 0.104978 0.203463
21 0.941017 0.471861 0.085498 0.207792
14 0.934524 0.750000 0.085498 0.188312
22 0.826299 0.875541 0.089827 0.183983
