12 0.036797 0.117965 0.045455 0.136364
25 0.051948 0.352814 0.043290 0.142857
23 0.102273 0.518398 0.055195 0.153680
17 0.104978 0.759740 0.043290 0.129870
13 0.164502 0.318182 0.036797 0.142857
18 0.192100 0.694805 0.068182 0.142857
15 0.170455 0.902597 0.053030 0.151515
6 0.241342 0.142857 0.058442 0.147186
3 0.271645 0.395022 0.056277 0.153680
27 0.304113 0.725108 0.054113 0.138528
7 0.300866 0.908009 0.047619 0.140693
19 0.375000 0.172078 0.057359 0.136364
24 0.356602 0.333333 0.053030 0.151515
10 0.449134 0.516234 0.060606 0.149351
29 0.405303 0.787879 0.055195 0.138528
21 0.478896 0.341991 0.053030 0.147186
22 0.481061 0.721861 0.063853 0.140693
14 0.555736 0.904762 0.059524 0.147186
26 0.547078 0.168831 0.033550 0.147186
0 0.613095 0.141775 0.050866 0.145022
30 0.662879 0.344156 0.053030 0.151515
8 0.555736 0.498918 0.055195 0.140693
11 0.620130 0.646104 0.064935 0.145022
20 0.738636 0.275974 0.061688 0.140693
2 0.746212 0.588745 0.055195 0.147186
9 0.786797 0.753247 0.047619 0.151515
28 0.867424 0.345238 0.044372 0.149351
4 0.948052 0.226190 0.060606 0.136364
5 0.956169 0.660173 0.063853 0.142857
1 0.877165 0.797619 0.046537 0.140693
