26 0.060606 0.183983 0.069264 0.212121
21 0.074134 0.482684 0.085498 0.233766
14 0.109307 0.728355 0.106061 0.240260
5 0.156385 0.260823 0.100649 0.227273
17 0.267316 0.201299 0.084416 0.216450
24 0.255411 0.414502 0.073593 0.214286
4 0.211039 0.616883 0.101732 0.216450
3 0.332251 0.611472 0.099567 0.235931
23 0.203463 0.840909 0.086580 0.218615
18 0.318723 0.826840 0.104978 0.225108
1 0.383658 0.333333 0.098485 0.216450
20 0.435606 0.116883 0.098485 0.199134
30 0.461039 0.321429 0.069264 0.192641
10 0.490801 0.527056 0.098485 0.222944
15 0.472944 0.849567 0.093074 0.222944
29 0.548160 0.098485 0.066017 0.192641
7 0.546537 0.299784 0.080087 0.201299
12 0.665584 0.119048 0.067100 0.203463
15 0.641234 0.306277 0.081169 0.175325
6 0.657468 0.541126 0.089827 0.225108
8 0.605519 0.844156 0.100649 0.242424
9 0.699134 0.847403 0.064935 0.231602
11 0.792208 0.673160 0.095238 0.229437
28 0.791667 0.879870 0.063853 0.183983
0 0.888528 0.767316 0.086580 0.218615
19 0.905844 0.519481 0.080087 0.216450
2 0.806818 0.363636 0.098485 0.225108
22 0.758117 0.139610 0.102814 0.227273
25 0.857143 0.106061 0.056277 0.207792
13 0.914502 0.287879 0.054113 0.233766
