18 0.071429 0.135281 0.060606 0.140693
1 0.200216 0.297619 0.043290 0.127706
10 0.331169 0.349567 0.056277 0.136364
4 0.417749 0.207792 0.058442 0.138528
24 0.571429 0.101732 0.045455 0.151515
19 0.644481 0.172078 0.050866 0.136364
28 0.942100 0.101732 0.037879 0.142857
0 0.916126 0.294372 0.046537 0.142857
17 0.891775 0.556277 0.041126 0.129870
5 0.771104 0.466450 0.057359 0.136364
11 0.681277 0.416667 0.057359 0.136364
21 0.596320 0.504329 0.051948 0.151515
15 0.487554 0.504329 0.046537 0.147186
25 0.412338 0.408009 0.041126 0.140693
6 0.124459 0.427489 0.054113 0.145022
30 0.049242 0.626623 0.046537 0.149351
2 0.126082 0.691558 0.050866 0.140693
8 0.259199 0.634199 0.050866 0.138528
20 0.193182 0.841991 0.055195 0.147186
7 0.275974 0.852814 0.043290 0.129870
12 0.364177 0.591991 0.035714 0.140693
27 0.371212 0.838745 0.047619 0.132035
14 0.439935 0.727273 0.059524 0.138528
22 0.562771 0.705628 0.058442 0.138528
29 0.597403 0.903680 0.049784 0.132035
13 0.694805 0.675325 0.028139 0.138528
26 0.668831 0.854978 0.028139 0.142857
23 0.744048 0.827922 0.046537 0.145022
3 0.832251 0.793290 0.051948 0.140693
9 0.944805 0.752165 0.045455 0.153680
