10 0.109848 0.124459 0.087662 0.201299
14 0.077381 0.353896 0.094156 0.196970
19 0.132576 0.600649 0.076840 0.192641
12 0.087662 0.861472 0.054113 0.190476
18 0.255411 0.154762 0.097403 0.196970
26 0.200758 0.400433 0.063853 0.203463
5 0.234307 0.608225 0.089827 0.194805
21 0.195346 0.861472 0.074675 0.212121
13 0.287879 0.410173 0.056277 0.188312
23 0.396645 0.161255 0.074675 0.222944
8 0.391234 0.459957 0.074675 0.196970
11 0.346861 0.662338 0.081169 0.190476
29 0.351190 0.863636 0.076840 0.190476
17 0.488095 0.172078 0.069264 0.188312
2 0.555736 0.440476 0.076840 0.192641
9 0.485931 0.703463 0.071429 0.212121
30 0.470779 0.898268 0.062771 0.173160
7 0.588203 0.727273 0.074675 0.203463
27 0.617965 0.132035 0.077922 0.199134
3 0.655844 0.330087 0.084416 0.196970
15 0.683983 0.606061 0.071429 0.207792
0 0.724026 0.844156 0.080087 0.190476
20 0.753247 0.222944 0.082251 0.190476
28 0.799242 0.418831 0.055195 0.196970
4 0.813853 0.621212 0.090909 0.190476
22 0.823052 0.846320 0.091991 0.186147
25 0.875000 0.122294 0.066017 0.201299
1 0.883117 0.327922 0.064935 0.183983
24 0.937771 0.664502 0.070346 0.203463
6 0.936688 0.866883 0.076840 0.196970
