10 0.088203 0.267316 0.063853 0.149351
8 0.237554 0.153680 0.055195 0.147186
12 0.370130 0.106061 0.041126 0.138528
1 0.486472 0.153680 0.044372 0.147186
14 0.562229 0.097403 0.061688 0.147186
0 0.757576 0.095238 0.051948 0.160173
23 0.936147 0.217532 0.054113 0.153680
20 0.934524 0.560606 0.061688 0.147186
24 0.864177 0.752165 0.046537 0.153680
15 0.801407 0.448052 0.050866 0.160173
7 0.780303 0.625541 0.049784 0.147186
22 0.776515 0.903680 0.063853 0.149351
13 0.683983 0.896104 0.034632 0.155844
6 0.669913 0.583333 0.056277 0.158009
2 0.707251 0.317100 0.050866 0.149351
19 0.554654 0.663420 0.057359 0.149351
26 0.541667 0.873377 0.035714 0.158009
30 0.613095 0.838745 0.053030 0.162338
21 0.543290 0.327922 0.054113 0.162338
9 0.487554 0.511905 0.048701 0.162338
25 0.432900 0.283550 0.045455 0.142857
17 0.327381 0.341991 0.048701 0.138528
4 0.167208 0.517316 0.068182 0.164502
18 0.081169 0.550866 0.067100 0.153680
5 0.428571 0.748918 0.069264 0.147186
29 0.312229 0.871212 0.048701 0.149351
11 0.404762 0.520563 0.060606 0.170996
3 0.270022 0.688312 0.057359 0.164502
27 0.173160 0.785714 0.056277 0.142857
28 0.066558 0.887446 0.044372 0.147186
