28 0.057359 0.142857 0.058442 0.173160
15 0.139610 0.162338 0.080087 0.229437
21 0.260823 0.178571 0.101732 0.248918
5 0.382035 0.224026 0.097403 0.218615
17 0.495130 0.166667 0.094156 0.238095
14 0.624459 0.148268 0.093074 0.214286
29 0.718615 0.106061 0.069264 0.186147
13 0.799784 0.164502 0.058442 0.216450
25 0.899892 0.116883 0.076840 0.207792
7 0.895022 0.319264 0.086580 0.218615
18 0.786797 0.400433 0.106061 0.212121
2 0.643939 0.374459 0.088745 0.212121
6 0.474026 0.524892 0.095238 0.248918
23 0.361472 0.505411 0.090909 0.266234
3 0.267857 0.505411 0.091991 0.231602
24 0.126623 0.391775 0.080087 0.216450
8 0.119048 0.603896 0.073593 0.207792
30 0.053030 0.803030 0.062771 0.186147
10 0.144481 0.871212 0.102814 0.222944
20 0.301948 0.871212 0.093074 0.196970
9 0.426407 0.783550 0.077922 0.233766
27 0.563312 0.667749 0.070346 0.192641
19 0.542749 0.866883 0.079004 0.201299
4 0.642857 0.635281 0.112554 0.214286
22 0.645022 0.882035 0.112554 0.235931
12 0.758117 0.626623 0.066017 0.188312
1 0.765693 0.851732 0.068182 0.222944
0 0.865260 0.646104 0.091991 0.222944
26 0.948052 0.538961 0.051948 0.229437
11 0.862554 0.873377 0.097403 0.209957
