19 0.078463 0.123377 0.081169 0.199134
1 0.061688 0.423160 0.062771 0.188312
22 0.069805 0.754329 0.089827 0.196970
26 0.157468 0.294372 0.037879 0.186147
12 0.218615 0.138528 0.058442 0.199134
15 0.200758 0.500000 0.072511 0.212121
7 0.178030 0.738095 0.063853 0.194805
24 0.332251 0.117965 0.073593 0.209957
14 0.336039 0.323593 0.087662 0.196970
3 0.314394 0.572511 0.079004 0.196970
20 0.291126 0.783550 0.084416 0.199134
5 0.499459 0.120130 0.089827 0.196970
2 0.449675 0.334416 0.076840 0.196970
18 0.465368 0.599567 0.095238 0.207792
13 0.380952 0.798701 0.045455 0.194805
9 0.479437 0.847403 0.067100 0.205628
29 0.538961 0.306277 0.067100 0.158009
0 0.587662 0.493506 0.069264 0.194805
30 0.560606 0.903680 0.056277 0.162338
11 0.645563 0.813853 0.083333 0.199134
17 0.625541 0.240260 0.069264 0.181818
27 0.668831 0.418831 0.067100 0.166667
28 0.676948 0.598485 0.048701 0.175325
4 0.784632 0.202381 0.093074 0.192641
10 0.763528 0.520563 0.083333 0.201299
23 0.742965 0.854978 0.068182 0.207792
21 0.912879 0.206710 0.072511 0.209957
8 0.905303 0.522727 0.072511 0.201299
6 0.846320 0.775974 0.082251 0.209957
25 0.939935 0.873377 0.063853 0.188312
