0 0.099026 0.169913 0.074675 0.188312
20 0.121212 0.364719 0.082251 0.192641
28 0.194264 0.107143 0.059524 0.205628
14 0.284632 0.112554 0.086580 0.194805
12 0.272186 0.427489 0.076840 0.196970
22 0.264610 0.638528 0.087662 0.181818
15 0.104978 0.585498 0.067100 0.201299
30 0.055736 0.794372 0.072511 0.207792
6 0.145022 0.833333 0.075758 0.194805
24 0.294913 0.859307 0.066017 0.199134
21 0.394481 0.878788 0.072511 0.203463
19 0.414502 0.683983 0.082251 0.190476
7 0.416126 0.441558 0.066017 0.199134
4 0.437771 0.147186 0.091991 0.190476
9 0.542208 0.150433 0.064935 0.192641
13 0.498918 0.452381 0.056277 0.186147
11 0.517316 0.701299 0.080087 0.181818
29 0.517857 0.890693 0.068182 0.170996
1 0.621753 0.743506 0.072511 0.175325
2 0.636905 0.506494 0.070346 0.181818
17 0.660173 0.299784 0.073593 0.170996
27 0.655844 0.098485 0.080087 0.183983
23 0.760823 0.149351 0.071429 0.199134
5 0.772186 0.363636 0.081169 0.186147
26 0.748377 0.561688 0.046537 0.205628
10 0.778680 0.779221 0.083333 0.186147
25 0.866342 0.857143 0.059524 0.181818
8 0.898268 0.670996 0.069264 0.181818
18 0.866883 0.396104 0.090909 0.181818
3 0.910173 0.187229 0.080087 0.196970
