23 0.077381 0.126623 0.059524 0.166667
22 0.168290 0.219697 0.072511 0.145022
3 0.123377 0.385281 0.058442 0.151515
24 0.151515 0.582251 0.060606 0.151515
27 0.158009 0.743506 0.056277 0.140693
28 0.088203 0.893939 0.044372 0.151515
15 0.251623 0.738095 0.059524 0.142857
9 0.373377 0.870130 0.054113 0.164502
26 0.396104 0.628788 0.036797 0.149351
25 0.226732 0.369048 0.048701 0.140693
7 0.321970 0.271645 0.053030 0.149351
5 0.391775 0.129870 0.069264 0.155844
14 0.377706 0.423160 0.064935 0.149351
10 0.462121 0.414502 0.069264 0.153680
2 0.521104 0.595238 0.059524 0.151515
12 0.459416 0.843074 0.042208 0.145022
4 0.596320 0.831169 0.067100 0.142857
0 0.691558 0.885281 0.060606 0.151515
1 0.660173 0.590909 0.051948 0.142857
18 0.590368 0.416667 0.072511 0.145022
30 0.484307 0.133117 0.059524 0.162338
19 0.571970 0.245671 0.063853 0.153680
17 0.689394 0.133117 0.054113 0.140693
8 0.773268 0.292208 0.057359 0.147186
11 0.747294 0.512987 0.063853 0.142857
13 0.823052 0.600649 0.037879 0.153680
21 0.775433 0.837662 0.059524 0.151515
29 0.915043 0.680736 0.061688 0.145022
6 0.923160 0.245671 0.062771 0.153680
20 0.844156 0.086580 0.064935 0.147186
