5 0.067641 0.167749 0.074675 0.166667
26 0.085498 0.351732 0.036797 0.170996
12 0.056818 0.721861 0.046537 0.158009
0 0.178571 0.179654 0.060606 0.168831
11 0.193182 0.523810 0.070346 0.164502
3 0.185606 0.826840 0.063853 0.164502
7 0.280844 0.294372 0.057359 0.155844
22 0.294913 0.535714 0.076840 0.162338
18 0.306277 0.744589 0.075758 0.164502
9 0.416126 0.638528 0.055195 0.173160
27 0.314935 0.113636 0.064935 0.153680
25 0.398810 0.141775 0.055195 0.158009
19 0.423160 0.327922 0.069264 0.158009
13 0.491342 0.265152 0.038961 0.166667
6 0.512987 0.448052 0.071429 0.168831
24 0.536797 0.645022 0.058442 0.173160
15 0.458874 0.845238 0.064935 0.179654
30 0.555736 0.885281 0.061688 0.173160
21 0.637446 0.840909 0.060606 0.175325
17 0.617424 0.504329 0.055195 0.160173
23 0.632035 0.324675 0.060606 0.173160
10 0.660714 0.130952 0.072511 0.166667
28 0.719697 0.393939 0.047619 0.173160
4 0.711039 0.785714 0.075758 0.164502
1 0.800866 0.764069 0.056277 0.155844
8 0.851190 0.454545 0.061688 0.160173
14 0.908550 0.724026 0.074675 0.170996
2 0.806277 0.226190 0.062771 0.158009
29 0.941558 0.110390 0.060606 0.164502
20 0.937229 0.284632 0.067100 0.162338
