23 0.062229 0.159091 0.055195 0.145022
9 0.064935 0.310606 0.054113 0.145022
11 0.074134 0.585498 0.059524 0.149351
19 0.052489 0.752165 0.066017 0.132035
15 0.073593 0.914502 0.051948 0.149351
29 0.224026 0.859307 0.049784 0.134199
3 0.204004 0.713203 0.057359 0.132035
0 0.245671 0.562771 0.054113 0.151515
26 0.177489 0.143939 0.043290 0.162338
4 0.296537 0.255411 0.064935 0.147186
17 0.323593 0.479437 0.051948 0.140693
18 0.389069 0.194805 0.070346 0.151515
10 0.418290 0.577922 0.066017 0.151515
6 0.400974 0.788961 0.061688 0.158009
8 0.477814 0.432900 0.055195 0.138528
7 0.497835 0.208874 0.054113 0.145022
30 0.576299 0.528139 0.048701 0.151515
20 0.567100 0.859307 0.054113 0.134199
1 0.603355 0.754329 0.046537 0.140693
21 0.641234 0.532468 0.048701 0.147186
28 0.610390 0.134199 0.045455 0.155844
13 0.731061 0.107143 0.033550 0.136364
24 0.792749 0.135281 0.050866 0.149351
22 0.784632 0.295455 0.064935 0.145022
25 0.805736 0.488095 0.042208 0.153680
5 0.886905 0.284632 0.061688 0.145022
14 0.950758 0.389610 0.059524 0.134199
2 0.866883 0.700216 0.056277 0.149351
12 0.830087 0.873377 0.038961 0.132035
27 0.744048 0.856061 0.055195 0.140693
