22 0.083874 0.135281 0.113636 0.214286
11 0.077922 0.358225 0.095238 0.218615
14 0.126623 0.638528 0.101732 0.225108
21 0.087662 0.869048 0.080087 0.244589
29 0.171537 0.843074 0.076840 0.196970
8 0.227273 0.627706 0.084416 0.212121
17 0.257035 0.880952 0.081169 0.220779
13 0.213745 0.321429 0.070346 0.205628
26 0.214286 0.109307 0.064935 0.192641
7 0.316558 0.173160 0.066017 0.203463
30 0.285714 0.391775 0.069264 0.212121
28 0.409632 0.214286 0.063853 0.212121
6 0.376623 0.427489 0.082251 0.214286
0 0.387987 0.660173 0.083333 0.220779
23 0.376623 0.885281 0.073593 0.212121
3 0.492424 0.154762 0.090909 0.235931
15 0.546537 0.376623 0.099567 0.225108
20 0.524892 0.635281 0.101732 0.214286
4 0.516234 0.840909 0.114719 0.227273
24 0.606602 0.874459 0.081169 0.233766
19 0.646104 0.127706 0.110390 0.238095
12 0.680195 0.353896 0.072511 0.201299
2 0.693182 0.676407 0.089827 0.205628
27 0.704004 0.887446 0.081169 0.199134
1 0.800866 0.260823 0.082251 0.209957
10 0.815476 0.468615 0.100649 0.227273
5 0.833874 0.801948 0.102814 0.227273
9 0.901515 0.159091 0.071429 0.222944
18 0.936688 0.505411 0.102814 0.235931
25 0.936688 0.822511 0.068182 0.225108
