5 0.101732 0.094156 0.069264 0.153680
15 0.073052 0.369048 0.059524 0.166667
30 0.060065 0.617965 0.057359 0.166667
3 0.139610 0.677489 0.062771 0.155844
9 0.192641 0.317100 0.054113 0.166667
4 0.267316 0.733766 0.073593 0.155844
23 0.277597 0.306277 0.055195 0.162338
12 0.295455 0.093074 0.051948 0.151515
7 0.330628 0.523810 0.053030 0.151515
26 0.424784 0.579004 0.037879 0.166667
29 0.376623 0.356061 0.062771 0.153680
6 0.424784 0.186147 0.063853 0.164502
22 0.372835 0.800866 0.070346 0.160173
27 0.512446 0.107143 0.057359 0.153680
14 0.483225 0.372294 0.070346 0.160173
19 0.502165 0.664502 0.062771 0.155844
25 0.514069 0.864719 0.051948 0.166667
0 0.611472 0.141775 0.058442 0.153680
8 0.585498 0.317100 0.060606 0.158009
20 0.619048 0.577922 0.067100 0.164502
11 0.626082 0.792208 0.068182 0.155844
24 0.667208 0.322511 0.057359 0.168831
17 0.770022 0.191558 0.050866 0.149351
21 0.758117 0.420996 0.057359 0.170996
2 0.761905 0.701299 0.062771 0.164502
18 0.728896 0.888528 0.072511 0.153680
28 0.851732 0.279221 0.051948 0.173160
10 0.872294 0.676407 0.069264 0.166667
13 0.906385 0.453463 0.037879 0.162338
1 0.886364 0.114719 0.051948 0.147186
