11 0.093074 0.121212 0.075758 0.186147
15 0.096861 0.371212 0.066017 0.196970
10 0.064394 0.693723 0.081169 0.183983
27 0.083874 0.896104 0.066017 0.173160
0 0.201840 0.180736 0.068182 0.183983
13 0.170996 0.372294 0.045455 0.190476
22 0.168831 0.692641 0.080087 0.177489
29 0.202922 0.888528 0.070346 0.175325
12 0.303571 0.199134 0.053030 0.173160
28 0.282468 0.395022 0.058442 0.188312
9 0.304113 0.596320 0.064935 0.188312
7 0.324134 0.849567 0.057359 0.175325
23 0.433442 0.217532 0.066017 0.188312
6 0.403680 0.458874 0.075758 0.186147
19 0.416667 0.742424 0.073593 0.181818
5 0.549242 0.151515 0.079004 0.186147
24 0.571429 0.358225 0.067100 0.192641
4 0.531926 0.564935 0.087662 0.177489
30 0.499459 0.885281 0.068182 0.194805
8 0.596320 0.825758 0.067100 0.179654
1 0.685606 0.251082 0.059524 0.173160
20 0.703463 0.549784 0.075758 0.181818
14 0.705628 0.852814 0.075758 0.190476
17 0.796537 0.109307 0.060606 0.175325
2 0.799784 0.380952 0.073593 0.186147
21 0.831169 0.734848 0.067100 0.196970
26 0.909091 0.123377 0.041126 0.194805
18 0.935065 0.322511 0.080087 0.181818
3 0.935065 0.589827 0.069264 0.183983
25 0.939935 0.783550 0.057359 0.181818
