8 0.114719 0.258658 0.062771 0.166667
2 0.131494 0.450216 0.068182 0.160173
12 0.104978 0.656926 0.051948 0.170996
26 0.211039 0.601732 0.038961 0.181818
1 0.166667 0.837662 0.056277 0.160173
21 0.264069 0.151515 0.069264 0.181818
18 0.306277 0.362554 0.080087 0.175325
28 0.306277 0.609307 0.054113 0.175325
4 0.305736 0.791126 0.085498 0.166667
22 0.444805 0.108225 0.073593 0.173160
3 0.429654 0.319264 0.071429 0.166667
19 0.408550 0.550866 0.072511 0.162338
27 0.394481 0.816017 0.061688 0.155844
25 0.512446 0.512987 0.061688 0.177489
11 0.509199 0.784632 0.076840 0.170996
24 0.515152 0.319264 0.060606 0.170996
0 0.600649 0.113636 0.067100 0.166667
17 0.604978 0.304113 0.062771 0.166667
14 0.613095 0.667749 0.081169 0.170996
20 0.641775 0.848485 0.073593 0.168831
13 0.731602 0.880952 0.041126 0.168831
10 0.685065 0.123377 0.075758 0.168831
9 0.705628 0.362554 0.056277 0.179654
6 0.721861 0.566017 0.069264 0.166667
15 0.864719 0.722944 0.062771 0.177489
23 0.826840 0.260823 0.058442 0.179654
5 0.859848 0.490260 0.076840 0.166667
7 0.926948 0.233766 0.055195 0.164502
29 0.945887 0.550866 0.069264 0.170996
30 0.935606 0.883117 0.066017 0.181818
