14 0.053030 0.299784 0.071429 0.162338
13 0.066558 0.711039 0.040043 0.166667
17 0.158550 0.884199 0.057359 0.153680
5 0.149892 0.427489 0.070346 0.162338
10 0.188853 0.137446 0.074675 0.162338
4 0.214286 0.624459 0.075758 0.158009
19 0.275433 0.115801 0.066017 0.158009
23 0.331169 0.304113 0.058442 0.170996
28 0.327381 0.506494 0.050866 0.173160
15 0.341991 0.692641 0.058442 0.173160
21 0.338745 0.899351 0.069264 0.175325
26 0.431277 0.126623 0.040043 0.175325
12 0.439394 0.505411 0.045455 0.153680
3 0.428571 0.719697 0.067100 0.162338
7 0.517316 0.709957 0.056277 0.155844
22 0.558442 0.884199 0.073593 0.162338
1 0.510281 0.372294 0.055195 0.160173
18 0.540043 0.112554 0.077922 0.164502
29 0.593074 0.367965 0.067100 0.164502
27 0.650974 0.685065 0.061688 0.158009
11 0.666126 0.871212 0.070346 0.162338
8 0.626082 0.160173 0.061688 0.164502
25 0.698052 0.390693 0.049784 0.162338
0 0.773810 0.298701 0.062771 0.168831
30 0.770022 0.501082 0.061688 0.175325
2 0.758117 0.713203 0.066017 0.158009
9 0.831169 0.865801 0.056277 0.168831
24 0.883658 0.630952 0.061688 0.170996
20 0.923701 0.818182 0.068182 0.160173
6 0.928571 0.314935 0.067100 0.162338
