8 0.310065 0.154762 0.063853 0.179654
24 0.428571 0.095238 0.058442 0.155844
5 0.504870 0.211039 0.072511 0.162338
27 0.620130 0.094156 0.060606 0.158009
2 0.733225 0.207792 0.055195 0.147186
3 0.856061 0.124459 0.060606 0.162338
12 0.948593 0.122294 0.050866 0.145022
28 0.925866 0.272727 0.053030 0.147186
11 0.102814 0.561688 0.064935 0.170996
20 0.196429 0.646104 0.083333 0.149351
4 0.271104 0.475108 0.068182 0.162338
17 0.339286 0.418831 0.053030 0.162338
0 0.459416 0.432900 0.057359 0.168831
22 0.579545 0.402597 0.066017 0.147186
1 0.706169 0.419913 0.057359 0.168831
6 0.839286 0.491342 0.059524 0.160173
15 0.088745 0.744589 0.064935 0.142857
23 0.189394 0.834416 0.058442 0.162338
13 0.378788 0.602814 0.049784 0.149351
21 0.466450 0.634199 0.060606 0.147186
18 0.575216 0.621212 0.072511 0.168831
14 0.757576 0.675325 0.064935 0.155844
19 0.040584 0.898268 0.057359 0.134199
26 0.274892 0.899351 0.043290 0.153680
29 0.339286 0.788961 0.057359 0.140693
30 0.422078 0.799784 0.045455 0.162338
7 0.505411 0.787879 0.043290 0.134199
25 0.610390 0.779221 0.045455 0.142857
9 0.681277 0.799784 0.053030 0.140693
10 0.870130 0.904762 0.069264 0.160173
