28 0.076840 0.104978 0.056277 0.196970
7 0.074675 0.307359 0.058442 0.177489
21 0.099026 0.601732 0.068182 0.199134
14 0.084416 0.895022 0.080087 0.188312
10 0.167208 0.189394 0.081169 0.192641
4 0.192100 0.417749 0.085498 0.181818
2 0.247835 0.729437 0.075758 0.186147
30 0.179113 0.892857 0.061688 0.183983
23 0.279221 0.149351 0.071429 0.199134
0 0.344156 0.479437 0.067100 0.192641
17 0.346320 0.826840 0.060606 0.181818
1 0.411797 0.241342 0.061688 0.179654
26 0.441558 0.805195 0.043290 0.190476
19 0.531926 0.226190 0.074675 0.175325
15 0.495671 0.567100 0.067100 0.199134
13 0.510823 0.777056 0.045455 0.190476
3 0.652597 0.248918 0.067100 0.181818
9 0.584957 0.450216 0.059524 0.194805
29 0.579545 0.648268 0.072511 0.175325
24 0.618506 0.877706 0.066017 0.196970
12 0.662879 0.670996 0.055195 0.181818
20 0.681818 0.482684 0.077922 0.177489
5 0.761905 0.208874 0.082251 0.188312
6 0.784632 0.458874 0.073593 0.186147
27 0.775974 0.648268 0.067100 0.175325
11 0.769481 0.844156 0.080087 0.186147
22 0.892857 0.133117 0.084416 0.183983
18 0.923160 0.391775 0.086580 0.194805
8 0.904221 0.664502 0.068182 0.186147
25 0.912879 0.864719 0.057359 0.192641
