14 0.063312 0.161255 0.089827 0.201299
27 0.062229 0.359307 0.091991 0.207792
11 0.226732 0.124459 0.089827 0.196970
4 0.189394 0.361472 0.101732 0.203463
12 0.310606 0.233766 0.058442 0.194805
6 0.430195 0.192641 0.100649 0.220779
10 0.588745 0.216450 0.095238 0.225108
20 0.688312 0.116883 0.095238 0.207792
5 0.843615 0.300866 0.098485 0.229437
29 0.935065 0.117965 0.088745 0.218615
28 0.942641 0.396104 0.058442 0.220779
9 0.917749 0.621212 0.073593 0.229437
26 0.943723 0.876623 0.047619 0.212121
30 0.830087 0.534632 0.075758 0.212121
3 0.843074 0.795455 0.093074 0.218615
0 0.753247 0.646104 0.073593 0.205628
8 0.683442 0.398268 0.091991 0.199134
25 0.729437 0.861472 0.080087 0.216450
2 0.647186 0.716450 0.099567 0.186147
18 0.515152 0.446970 0.090909 0.192641
15 0.514610 0.668831 0.079004 0.212121
21 0.561147 0.873377 0.089827 0.209957
24 0.454004 0.885281 0.079004 0.212121
17 0.344156 0.879870 0.077922 0.196970
19 0.262987 0.705628 0.073593 0.190476
1 0.366883 0.564935 0.073593 0.212121
22 0.278139 0.502165 0.093074 0.207792
7 0.121212 0.559524 0.069264 0.196970
13 0.166126 0.813853 0.059524 0.225108
23 0.065476 0.799784 0.079004 0.227273
