15 0.101732 0.205628 0.075758 0.190476
28 0.185606 0.156926 0.055195 0.192641
18 0.288961 0.121212 0.086580 0.177489
26 0.400974 0.100649 0.050866 0.179654
21 0.483225 0.202381 0.070346 0.179654
7 0.606061 0.122294 0.058442 0.166667
3 0.728896 0.234848 0.083333 0.209957
1 0.816558 0.096320 0.066017 0.183983
24 0.794372 0.415584 0.058442 0.177489
4 0.945346 0.373377 0.076840 0.188312
22 0.694264 0.501082 0.089827 0.196970
20 0.542749 0.377706 0.079004 0.166667
2 0.253788 0.339827 0.074675 0.168831
8 0.130411 0.396104 0.068182 0.155844
5 0.362013 0.418831 0.074675 0.188312
29 0.441558 0.423160 0.069264 0.170996
19 0.819805 0.594156 0.072511 0.166667
30 0.933983 0.581169 0.062771 0.196970
0 0.138528 0.653680 0.073593 0.164502
27 0.275974 0.563853 0.069264 0.166667
13 0.342532 0.600649 0.042208 0.162338
14 0.439394 0.685065 0.069264 0.170996
9 0.544913 0.714286 0.055195 0.181818
10 0.756494 0.836580 0.077922 0.188312
6 0.902056 0.766234 0.066017 0.194805
11 0.659091 0.867965 0.086580 0.190476
23 0.488636 0.888528 0.066017 0.170996
25 0.350108 0.886364 0.055195 0.175325
17 0.261364 0.739177 0.059524 0.162338
12 0.090368 0.852814 0.057359 0.190476
