27 0.053571 0.113636 0.083333 0.179654
20 0.063853 0.319264 0.099567 0.214286
4 0.162879 0.158009 0.111472 0.220779
15 0.143398 0.524892 0.087662 0.235931
30 0.055195 0.634199 0.071429 0.203463
26 0.059524 0.883117 0.049784 0.194805
8 0.149351 0.793290 0.082251 0.222944
11 0.281926 0.169913 0.096320 0.240260
13 0.303571 0.523810 0.061688 0.233766
7 0.273810 0.757576 0.073593 0.220779
22 0.382576 0.336580 0.098485 0.196970
6 0.426948 0.559524 0.094156 0.235931
9 0.386905 0.803030 0.079004 0.246753
2 0.438312 0.126623 0.088745 0.218615
25 0.481602 0.343074 0.069264 0.196970
23 0.537879 0.132035 0.080087 0.220779
19 0.532468 0.569264 0.086580 0.225108
5 0.556818 0.801948 0.096320 0.227273
17 0.637446 0.121212 0.075758 0.225108
1 0.593615 0.415584 0.074675 0.225108
24 0.684524 0.332251 0.068182 0.214286
18 0.734307 0.553030 0.104978 0.222944
14 0.713745 0.870130 0.102814 0.229437
28 0.733225 0.107143 0.059524 0.192641
3 0.788961 0.268398 0.093074 0.238095
0 0.836039 0.536797 0.083333 0.225108
29 0.902597 0.099567 0.075758 0.181818
12 0.908550 0.307359 0.066017 0.229437
21 0.939935 0.574675 0.083333 0.227273
10 0.891775 0.825758 0.103896 0.231602
