4 0.077922 0.325758 0.071429 0.158009
27 0.234307 0.097403 0.063853 0.160173
23 0.151515 0.391775 0.058442 0.155844
17 0.077922 0.638528 0.062771 0.138528
13 0.164502 0.615801 0.049784 0.136364
28 0.120671 0.840909 0.046537 0.158009
14 0.196970 0.859307 0.069264 0.160173
3 0.279221 0.777056 0.062771 0.155844
11 0.351190 0.217532 0.068182 0.170996
30 0.430195 0.156926 0.066017 0.158009
25 0.422619 0.468615 0.053030 0.153680
20 0.334957 0.495671 0.066017 0.160173
0 0.351190 0.712121 0.059524 0.147186
18 0.364177 0.893939 0.072511 0.147186
9 0.445887 0.667749 0.051948 0.162338
19 0.488095 0.816017 0.058442 0.142857
15 0.531926 0.203463 0.057359 0.164502
8 0.511905 0.366883 0.058442 0.149351
2 0.509199 0.531385 0.063853 0.153680
24 0.633117 0.624459 0.060606 0.153680
6 0.708333 0.458874 0.063853 0.147186
21 0.732684 0.279221 0.056277 0.151515
5 0.764610 0.116883 0.061688 0.142857
1 0.877165 0.083333 0.050866 0.145022
10 0.947511 0.226190 0.066017 0.149351
22 0.901515 0.413420 0.067100 0.151515
29 0.901515 0.691558 0.058442 0.140693
26 0.865260 0.827922 0.037879 0.158009
12 0.775433 0.745671 0.044372 0.149351
7 0.700216 0.778139 0.047619 0.153680
