17 0.085498 0.108225 0.064935 0.181818
10 0.074134 0.320346 0.089827 0.190476
2 0.060065 0.521645 0.072511 0.190476
8 0.069264 0.754329 0.077922 0.188312
5 0.199134 0.142857 0.088745 0.194805
30 0.169372 0.391775 0.072511 0.203463
25 0.161797 0.613636 0.063853 0.196970
21 0.183983 0.848485 0.082251 0.199134
6 0.263528 0.467532 0.083333 0.190476
18 0.316558 0.208874 0.087662 0.183983
4 0.349567 0.676407 0.086580 0.188312
26 0.325216 0.884199 0.050866 0.192641
20 0.419913 0.313853 0.086580 0.177489
22 0.452922 0.571429 0.085498 0.186147
28 0.419372 0.879870 0.055195 0.201299
15 0.502706 0.787879 0.068182 0.199134
23 0.508658 0.162338 0.067100 0.207792
1 0.512987 0.406926 0.069264 0.173160
3 0.659091 0.248918 0.084416 0.216450
12 0.633658 0.560606 0.057359 0.181818
14 0.617424 0.796537 0.087662 0.190476
9 0.826299 0.164502 0.072511 0.199134
24 0.774351 0.369048 0.076840 0.192641
7 0.732684 0.596320 0.067100 0.183983
11 0.721320 0.831169 0.083333 0.186147
27 0.823593 0.829004 0.071429 0.186147
19 0.917749 0.877706 0.071429 0.192641
0 0.870130 0.581169 0.073593 0.196970
13 0.932359 0.205628 0.059524 0.190476
29 0.862013 0.378788 0.068182 0.181818
