13 0.066558 0.254329 0.042208 0.196970
23 0.068182 0.628788 0.067100 0.205628
8 0.074675 0.887446 0.071429 0.190476
17 0.143398 0.163420 0.066017 0.183983
6 0.185065 0.388528 0.080087 0.201299
5 0.174242 0.604978 0.084416 0.192641
10 0.228355 0.809524 0.084416 0.194805
19 0.274351 0.204545 0.076840 0.192641
21 0.299242 0.469697 0.074675 0.199134
7 0.321429 0.689394 0.064935 0.183983
27 0.377165 0.884199 0.072511 0.179654
18 0.401515 0.113636 0.086580 0.188312
9 0.430736 0.341991 0.060606 0.199134
25 0.432359 0.568182 0.061688 0.196970
1 0.465909 0.778139 0.063853 0.183983
28 0.505952 0.140693 0.053030 0.199134
15 0.540043 0.568182 0.071429 0.201299
20 0.582792 0.858225 0.081169 0.192641
26 0.635281 0.655844 0.041126 0.203463
11 0.594697 0.231602 0.076840 0.194805
3 0.694264 0.455628 0.076840 0.192641
12 0.731061 0.813853 0.055195 0.186147
22 0.715368 0.201299 0.084416 0.190476
0 0.820346 0.606061 0.067100 0.194805
29 0.807359 0.899351 0.067100 0.166667
24 0.823593 0.359307 0.071429 0.203463
2 0.885823 0.124459 0.074675 0.192641
30 0.944805 0.310606 0.062771 0.175325
4 0.933442 0.496753 0.089827 0.188312
14 0.899892 0.803030 0.087662 0.199134
