9 0.073052 0.190476 0.046537 0.155844
30 0.077381 0.374459 0.050866 0.151515
18 0.177489 0.258658 0.067100 0.149351
10 0.136364 0.568182 0.064935 0.149351
21 0.161255 0.778139 0.054113 0.158009
3 0.235931 0.717532 0.054113 0.145022
22 0.224026 0.477273 0.067100 0.149351
7 0.297619 0.222944 0.045455 0.142857
29 0.319805 0.569264 0.055195 0.134199
6 0.383658 0.413420 0.059524 0.147186
8 0.419372 0.576840 0.055195 0.145022
25 0.461039 0.745671 0.045455 0.140693
15 0.529221 0.878788 0.054113 0.155844
5 0.441558 0.194805 0.062771 0.134199
20 0.486472 0.349567 0.061688 0.149351
0 0.550325 0.563853 0.050866 0.149351
17 0.554113 0.085498 0.049784 0.140693
1 0.606061 0.247835 0.047619 0.132035
24 0.672078 0.306277 0.051948 0.145022
13 0.691017 0.521645 0.031385 0.147186
28 0.617424 0.814935 0.044372 0.149351
11 0.752165 0.725108 0.060606 0.147186
26 0.837121 0.731602 0.033550 0.155844
14 0.763528 0.272727 0.061688 0.155844
19 0.804113 0.518398 0.060606 0.149351
2 0.879329 0.375541 0.055195 0.149351
23 0.947511 0.516234 0.048701 0.153680
12 0.923701 0.709957 0.042208 0.147186
4 0.949675 0.863636 0.066017 0.138528
27 0.919913 0.113636 0.051948 0.145022
