9 0.097403 0.277056 0.051948 0.168831
8 0.058442 0.548701 0.058442 0.166667
20 0.087121 0.819264 0.066017 0.166667
18 0.168290 0.549784 0.074675 0.164502
12 0.168290 0.845238 0.046537 0.166667
28 0.218615 0.372294 0.047619 0.173160
19 0.305195 0.117965 0.064935 0.162338
6 0.308442 0.339827 0.069264 0.168831
4 0.259740 0.623377 0.080087 0.160173
13 0.272727 0.840909 0.038961 0.162338
27 0.341450 0.885281 0.059524 0.155844
15 0.405303 0.142857 0.061688 0.168831
11 0.446429 0.352814 0.068182 0.168831
5 0.399892 0.675325 0.070346 0.164502
29 0.420455 0.861472 0.061688 0.160173
0 0.505411 0.730519 0.058442 0.162338
10 0.583874 0.310606 0.070346 0.170996
25 0.583874 0.595238 0.050866 0.160173
17 0.660173 0.174242 0.051948 0.149351
24 0.698593 0.344156 0.061688 0.177489
22 0.671537 0.546537 0.072511 0.153680
2 0.673701 0.833333 0.061688 0.164502
7 0.766775 0.542208 0.050866 0.153680
14 0.800325 0.821429 0.072511 0.170996
23 0.737013 0.102814 0.058442 0.170996
1 0.820887 0.204545 0.053030 0.162338
26 0.896645 0.540043 0.035714 0.170996
3 0.915043 0.196970 0.066017 0.173160
30 0.949675 0.653680 0.059524 0.173160
21 0.888528 0.879870 0.062771 0.175325
