8 0.091450 0.168831 0.079004 0.199134
26 0.063853 0.372294 0.054113 0.203463
28 0.064394 0.579004 0.057359 0.192641
1 0.061688 0.778139 0.073593 0.192641
15 0.146645 0.458874 0.083333 0.212121
20 0.160714 0.756494 0.089827 0.222944
22 0.214286 0.152597 0.097403 0.214286
6 0.257576 0.452381 0.084416 0.207792
3 0.259199 0.674242 0.083333 0.209957
24 0.277056 0.886364 0.077922 0.205628
10 0.405303 0.756494 0.087662 0.196970
25 0.356602 0.549784 0.070346 0.199134
2 0.368506 0.343074 0.074675 0.201299
17 0.311147 0.134199 0.066017 0.194805
27 0.463745 0.104978 0.087662 0.183983
11 0.469156 0.309524 0.083333 0.203463
21 0.469697 0.533550 0.082251 0.214286
7 0.544372 0.757576 0.067100 0.203463
23 0.625541 0.870130 0.075758 0.207792
14 0.603355 0.547619 0.096320 0.199134
12 0.561688 0.272727 0.064935 0.212121
30 0.635823 0.097403 0.068182 0.181818
0 0.678571 0.288961 0.077922 0.201299
19 0.724026 0.609307 0.080087 0.205628
5 0.729978 0.826840 0.089827 0.216450
4 0.890693 0.840909 0.108225 0.222944
13 0.876623 0.601732 0.062771 0.203463
29 0.885281 0.401515 0.071429 0.188312
9 0.803571 0.285714 0.076840 0.220779
18 0.909632 0.209957 0.096320 0.207792
