4 0.078463 0.211039 0.089827 0.162338
25 0.155844 0.262987 0.051948 0.162338
14 0.321429 0.138528 0.075758 0.164502
8 0.452381 0.187229 0.064935 0.170996
30 0.583874 0.124459 0.061688 0.183983
21 0.715368 0.101732 0.075758 0.190476
19 0.795455 0.244589 0.064935 0.160173
12 0.891775 0.141775 0.060606 0.179654
26 0.935606 0.490260 0.068182 0.222944
3 0.707792 0.340909 0.075758 0.192641
18 0.771645 0.535714 0.093074 0.170996
15 0.683442 0.543290 0.063853 0.173160
7 0.543831 0.373377 0.072511 0.175325
9 0.409632 0.410173 0.059524 0.166667
24 0.336580 0.454545 0.067100 0.181818
10 0.269481 0.301948 0.086580 0.175325
27 0.240801 0.472944 0.061688 0.158009
22 0.167208 0.431818 0.074675 0.153680
17 0.047619 0.469697 0.080087 0.164502
1 0.295455 0.617965 0.071429 0.149351
28 0.438853 0.653680 0.055195 0.181818
13 0.645022 0.748918 0.051948 0.168831
5 0.180736 0.831169 0.077922 0.173160
23 0.255411 0.886364 0.067100 0.179654
0 0.379870 0.808442 0.058442 0.149351
6 0.597403 0.903680 0.095238 0.183983
29 0.694264 0.876623 0.059524 0.147186
11 0.805736 0.764069 0.072511 0.190476
20 0.941017 0.762987 0.068182 0.145022
2 0.955628 0.916667 0.060606 0.158009
