19 0.086039 0.129870 0.081169 0.190476
6 0.152597 0.354978 0.082251 0.194805
4 0.102273 0.602814 0.089827 0.188312
30 0.060065 0.840909 0.070346 0.205628
17 0.146645 0.806277 0.066017 0.179654
12 0.254870 0.800866 0.057359 0.190476
24 0.180736 0.138528 0.069264 0.207792
14 0.287338 0.129870 0.087662 0.203463
3 0.271104 0.415584 0.083333 0.199134
2 0.397727 0.335498 0.074675 0.199134
10 0.410173 0.588745 0.090909 0.207792
5 0.433983 0.844156 0.088745 0.199134
26 0.516234 0.606061 0.043290 0.203463
25 0.461039 0.119048 0.060606 0.199134
22 0.501082 0.376623 0.090909 0.186147
13 0.587121 0.584416 0.044372 0.199134
18 0.573593 0.838745 0.088745 0.188312
7 0.669913 0.877706 0.060606 0.183983
0 0.602814 0.319264 0.069264 0.188312
27 0.553571 0.107143 0.076840 0.188312
29 0.642316 0.117965 0.072511 0.188312
9 0.699134 0.371212 0.069264 0.201299
28 0.675325 0.650433 0.056277 0.201299
21 0.764610 0.637446 0.072511 0.214286
23 0.752706 0.874459 0.070346 0.203463
8 0.859307 0.818182 0.071429 0.194805
1 0.940476 0.615801 0.064935 0.183983
11 0.845238 0.453463 0.082251 0.192641
20 0.760823 0.148268 0.082251 0.196970
15 0.906926 0.227273 0.067100 0.207792
