27 0.109307 0.106061 0.071429 0.181818
0 0.089827 0.307359 0.073593 0.190476
3 0.066017 0.532468 0.077922 0.194805
2 0.066017 0.816017 0.075758 0.190476
21 0.196970 0.278139 0.075758 0.205628
23 0.160173 0.662338 0.069264 0.203463
25 0.172078 0.887446 0.058442 0.199134
13 0.244589 0.535714 0.045455 0.201299
12 0.260281 0.865801 0.063853 0.199134
5 0.302489 0.278139 0.087662 0.188312
29 0.372294 0.096320 0.069264 0.166667
4 0.380952 0.562771 0.090909 0.186147
26 0.347403 0.784632 0.043290 0.205628
6 0.440476 0.769481 0.077922 0.201299
8 0.428030 0.283550 0.072511 0.194805
30 0.494589 0.096320 0.058442 0.166667
15 0.559524 0.284632 0.071429 0.201299
10 0.558442 0.629870 0.088745 0.199134
22 0.548160 0.835498 0.087662 0.190476
20 0.660173 0.122294 0.080087 0.192641
1 0.678571 0.484848 0.064935 0.186147
19 0.668290 0.727273 0.079004 0.186147
18 0.760823 0.203463 0.088745 0.194805
17 0.791126 0.422078 0.062771 0.186147
9 0.769481 0.781385 0.064935 0.207792
11 0.862554 0.132035 0.082251 0.194805
28 0.951840 0.221861 0.050866 0.183983
14 0.926407 0.429654 0.084416 0.201299
7 0.891775 0.674242 0.064935 0.188312
24 0.887987 0.878788 0.070346 0.207792
