29 0.045996 0.109307 0.072511 0.166667
18 0.106602 0.275974 0.076840 0.170996
30 0.221861 0.300866 0.067100 0.199134
25 0.284632 0.101732 0.062771 0.164502
22 0.308983 0.326840 0.085498 0.173160
9 0.398810 0.174242 0.061688 0.179654
2 0.398810 0.398268 0.072511 0.164502
1 0.496753 0.149351 0.073593 0.168831
23 0.524892 0.374459 0.067100 0.173160
15 0.630411 0.237013 0.061688 0.205628
0 0.716450 0.295455 0.060606 0.179654
20 0.798160 0.226190 0.070346 0.192641
14 0.938312 0.204545 0.062771 0.183983
24 0.137446 0.454545 0.071429 0.168831
12 0.064935 0.621212 0.060606 0.177489
19 0.208874 0.636364 0.088745 0.168831
11 0.393398 0.651515 0.079004 0.173160
28 0.482684 0.663420 0.049784 0.183983
4 0.555195 0.617965 0.088745 0.166667
5 0.740260 0.468615 0.071429 0.170996
3 0.840368 0.454545 0.070346 0.173160
27 0.933442 0.517316 0.063853 0.164502
26 0.846320 0.626623 0.043290 0.166667
13 0.828463 0.797619 0.050866 0.170996
17 0.917749 0.832251 0.056277 0.158009
8 0.679654 0.779221 0.069264 0.186147
10 0.495130 0.869048 0.091991 0.179654
7 0.344156 0.869048 0.064935 0.170996
6 0.221861 0.840909 0.082251 0.201299
21 0.075758 0.832251 0.075758 0.166667
