28 0.051407 0.267316 0.046537 0.153680
17 0.082251 0.477273 0.077922 0.222944
8 0.075216 0.731602 0.087662 0.225108
4 0.132576 0.220779 0.107143 0.229437
24 0.174784 0.449134 0.066017 0.192641
1 0.231602 0.663420 0.073593 0.214286
21 0.193182 0.837662 0.087662 0.238095
26 0.290043 0.896104 0.038961 0.173160
9 0.263528 0.279221 0.074675 0.229437
22 0.334416 0.483766 0.093074 0.201299
13 0.343615 0.713203 0.053030 0.235931
0 0.460498 0.817100 0.085498 0.235931
27 0.424784 0.614719 0.059524 0.160173
5 0.438312 0.414502 0.099567 0.222944
20 0.382035 0.132035 0.099567 0.225108
15 0.494048 0.142857 0.083333 0.246753
25 0.569264 0.329004 0.054113 0.177489
19 0.549242 0.541126 0.091991 0.229437
12 0.610390 0.787879 0.064935 0.229437
7 0.656385 0.545455 0.074675 0.220779
23 0.695887 0.846320 0.069264 0.207792
3 0.661797 0.159091 0.085498 0.231602
18 0.784091 0.134199 0.109307 0.233766
11 0.760823 0.406926 0.097403 0.229437
2 0.803571 0.782468 0.085498 0.240260
10 0.913420 0.143939 0.099567 0.235931
6 0.896104 0.446970 0.095238 0.244589
14 0.927489 0.706710 0.103896 0.240260
29 0.879329 0.908009 0.059524 0.153680
30 0.954004 0.909091 0.059524 0.155844
