26 0.064394 0.205628 0.044372 0.194805
18 0.077381 0.504329 0.087662 0.194805
24 0.072511 0.833333 0.069264 0.203463
0 0.150433 0.284632 0.073593 0.201299
14 0.181818 0.601732 0.080087 0.199134
3 0.178571 0.822511 0.075758 0.190476
23 0.226190 0.140693 0.067100 0.203463
13 0.306818 0.362554 0.042208 0.192641
25 0.287338 0.562771 0.066017 0.194805
1 0.313312 0.784632 0.063853 0.188312
6 0.381494 0.113636 0.079004 0.201299
7 0.398810 0.566017 0.059524 0.188312
19 0.401515 0.887446 0.077922 0.190476
11 0.463745 0.353896 0.081169 0.196970
28 0.503788 0.135281 0.057359 0.201299
27 0.495671 0.555195 0.073593 0.183983
12 0.520563 0.754329 0.054113 0.188312
9 0.587662 0.148268 0.062771 0.192641
22 0.581710 0.356061 0.087662 0.192641
4 0.599026 0.563853 0.089827 0.188312
8 0.632576 0.799784 0.072511 0.196970
15 0.692641 0.258658 0.075758 0.209957
2 0.753247 0.516234 0.075758 0.192641
5 0.813312 0.804113 0.083333 0.196970
20 0.908550 0.859307 0.081169 0.190476
10 0.883658 0.538961 0.083333 0.199134
29 0.827381 0.324675 0.076840 0.186147
17 0.920455 0.317100 0.066017 0.179654
21 0.851732 0.117965 0.077922 0.201299
30 0.946429 0.114719 0.068182 0.194805
