25 0.054654 0.111472 0.070346 0.209957
0 0.145563 0.137446 0.091991 0.244589
11 0.120671 0.466450 0.100649 0.240260
13 0.074134 0.762987 0.061688 0.227273
26 0.156385 0.677489 0.050866 0.177489
21 0.163420 0.882035 0.077922 0.205628
22 0.250000 0.300866 0.101732 0.199134
1 0.297619 0.163420 0.080087 0.214286
27 0.207251 0.542208 0.070346 0.162338
2 0.247294 0.766234 0.094156 0.229437
15 0.297619 0.531385 0.082251 0.235931
17 0.404221 0.156926 0.079004 0.227273
5 0.432359 0.475108 0.104978 0.240260
9 0.390152 0.755411 0.081169 0.242424
24 0.529221 0.103896 0.071429 0.203463
4 0.544372 0.319264 0.103896 0.218615
19 0.552489 0.550866 0.098485 0.218615
7 0.521104 0.845238 0.081169 0.231602
10 0.636905 0.809524 0.102814 0.238095
14 0.662879 0.204545 0.104978 0.248918
8 0.713203 0.488095 0.088745 0.235931
18 0.757576 0.750000 0.103896 0.222944
3 0.773810 0.232684 0.084416 0.231602
29 0.832792 0.085498 0.059524 0.158009
20 0.935065 0.114719 0.093074 0.212121
12 0.902056 0.335498 0.087662 0.225108
23 0.806277 0.455628 0.080087 0.218615
6 0.895563 0.711039 0.091991 0.235931
28 0.871753 0.899351 0.046537 0.166667
30 0.948593 0.908009 0.055195 0.153680
