1 0.082251 0.198052 0.082251 0.214286
4 0.292749 0.176407 0.111472 0.218615
9 0.447511 0.143939 0.085498 0.248918
10 0.476190 0.392857 0.112554 0.231602
3 0.414502 0.833333 0.097403 0.238095
17 0.265152 0.856061 0.080087 0.218615
22 0.062229 0.891775 0.100649 0.199134
12 0.064935 0.674242 0.069264 0.222944
19 0.160173 0.744589 0.093074 0.225108
20 0.192100 0.215368 0.089827 0.214286
15 0.113636 0.437229 0.088745 0.238095
27 0.207251 0.409091 0.076840 0.168831
24 0.312229 0.389610 0.076840 0.199134
6 0.281926 0.609307 0.094156 0.231602
21 0.394481 0.591991 0.091991 0.231602
8 0.554113 0.794372 0.090909 0.229437
29 0.644481 0.899351 0.074675 0.175325
13 0.613095 0.554113 0.066017 0.229437
5 0.614719 0.208874 0.103896 0.231602
25 0.724026 0.101732 0.056277 0.181818
30 0.708874 0.291126 0.060606 0.170996
0 0.793290 0.313853 0.086580 0.220779
28 0.805736 0.097403 0.057359 0.181818
14 0.898810 0.192641 0.100649 0.238095
11 0.913961 0.433983 0.102814 0.227273
26 0.949675 0.655844 0.048701 0.186147
23 0.935606 0.885281 0.079004 0.212121
7 0.858225 0.727273 0.075758 0.229437
18 0.731061 0.554113 0.107143 0.229437
2 0.729437 0.794372 0.088745 0.225108
