17 0.041667 0.152597 0.057359 0.162338
9 0.055736 0.370130 0.057359 0.168831
14 0.071970 0.658009 0.076840 0.173160
18 0.143939 0.280303 0.077922 0.170996
29 0.178030 0.463203 0.063853 0.164502
19 0.159632 0.637446 0.063853 0.158009
13 0.253788 0.174242 0.044372 0.170996
10 0.282468 0.588745 0.080087 0.168831
5 0.224567 0.811688 0.072511 0.168831
27 0.296537 0.402597 0.062771 0.164502
21 0.345238 0.130952 0.064935 0.175325
6 0.402056 0.465368 0.068182 0.168831
25 0.364177 0.744589 0.053030 0.164502
20 0.425325 0.128788 0.071429 0.162338
0 0.511364 0.279221 0.063853 0.181818
2 0.493506 0.523810 0.064935 0.168831
3 0.449134 0.733766 0.067100 0.177489
23 0.632576 0.437229 0.059524 0.173160
22 0.591450 0.681818 0.074675 0.168831
24 0.563312 0.896104 0.059524 0.173160
12 0.680195 0.111472 0.048701 0.162338
15 0.700216 0.613636 0.058442 0.175325
1 0.735390 0.835498 0.055195 0.164502
26 0.764610 0.209957 0.037879 0.173160
7 0.781385 0.452381 0.054113 0.160173
4 0.852814 0.777056 0.077922 0.160173
8 0.846861 0.199134 0.061688 0.160173
11 0.892857 0.478355 0.069264 0.173160
30 0.946970 0.827922 0.056277 0.179654
28 0.935606 0.259740 0.050866 0.173160
