24 0.057359 0.106061 0.049784 0.151515
12 0.095238 0.497835 0.038961 0.142857
30 0.075758 0.913420 0.049784 0.142857
8 0.141775 0.667749 0.051948 0.149351
13 0.122294 0.146104 0.032468 0.132035
23 0.180736 0.261905 0.051948 0.147186
0 0.222403 0.432900 0.050866 0.147186
15 0.218615 0.620130 0.049784 0.145022
19 0.256494 0.852814 0.054113 0.134199
10 0.318723 0.111472 0.061688 0.149351
20 0.279221 0.282468 0.060606 0.145022
6 0.313853 0.627706 0.058442 0.142857
22 0.330628 0.786797 0.063853 0.140693
1 0.390693 0.352814 0.043290 0.129870
26 0.402597 0.542208 0.034632 0.145022
18 0.411255 0.889610 0.060606 0.134199
9 0.464827 0.739177 0.044372 0.140693
5 0.445346 0.094156 0.057359 0.140693
25 0.522727 0.159091 0.045455 0.140693
3 0.531926 0.459957 0.055195 0.149351
2 0.537879 0.692641 0.054113 0.138528
4 0.636364 0.603896 0.067100 0.138528
21 0.775974 0.127706 0.051948 0.142857
29 0.760823 0.337662 0.054113 0.134199
14 0.732143 0.821429 0.059524 0.149351
27 0.917749 0.141775 0.051948 0.140693
11 0.866342 0.475108 0.059524 0.145022
17 0.824134 0.661255 0.046537 0.136364
7 0.819264 0.834416 0.045455 0.132035
28 0.925866 0.811688 0.040043 0.151515
