15 0.101190 0.164502 0.068182 0.190476
8 0.122294 0.544372 0.067100 0.175325
13 0.077381 0.898268 0.055195 0.181818
28 0.159091 0.786797 0.054113 0.201299
24 0.181818 0.119048 0.069264 0.186147
6 0.189394 0.353896 0.073593 0.183983
21 0.241342 0.638528 0.067100 0.186147
0 0.240260 0.853896 0.075758 0.179654
1 0.264069 0.242424 0.060606 0.177489
30 0.325758 0.577922 0.067100 0.199134
25 0.371753 0.345238 0.055195 0.183983
2 0.409632 0.761905 0.066017 0.181818
23 0.470238 0.108225 0.061688 0.181818
11 0.463203 0.305195 0.077922 0.181818
19 0.454545 0.563853 0.077922 0.175325
10 0.527597 0.774892 0.079004 0.181818
18 0.586039 0.104978 0.087662 0.175325
17 0.576299 0.288961 0.063853 0.166667
7 0.540584 0.505411 0.061688 0.175325
22 0.623377 0.897186 0.080087 0.170996
3 0.649892 0.612554 0.076840 0.190476
26 0.689394 0.208874 0.051948 0.196970
14 0.727814 0.433983 0.085498 0.175325
27 0.805195 0.225108 0.067100 0.177489
4 0.820887 0.472944 0.085498 0.179654
12 0.795455 0.796537 0.060606 0.203463
5 0.937229 0.116883 0.080087 0.181818
29 0.919913 0.311688 0.073593 0.173160
20 0.911797 0.525974 0.079004 0.194805
9 0.898268 0.820346 0.067100 0.199134
