23 0.060606 0.125541 0.095238 0.233766
24 0.174242 0.125541 0.082251 0.225108
1 0.282468 0.201299 0.088745 0.246753
13 0.406926 0.182900 0.067100 0.240260
19 0.508117 0.121212 0.098485 0.225108
7 0.638528 0.140693 0.086580 0.264069
26 0.740260 0.165584 0.049784 0.248918
0 0.841991 0.303030 0.090909 0.268398
22 0.932900 0.147186 0.112554 0.259740
30 0.059524 0.346320 0.075758 0.212121
9 0.138528 0.358225 0.080087 0.248918
11 0.259199 0.438312 0.102814 0.261905
21 0.367424 0.521645 0.091991 0.251082
3 0.488636 0.378788 0.096320 0.277056
10 0.612554 0.410173 0.116883 0.274892
15 0.731061 0.411255 0.079004 0.268398
25 0.932359 0.367965 0.063853 0.242424
29 0.050325 0.616883 0.098485 0.216450
2 0.153680 0.634199 0.090909 0.238095
4 0.310065 0.778139 0.109307 0.248918
8 0.469156 0.639610 0.096320 0.231602
5 0.599567 0.715368 0.112554 0.248918
12 0.711580 0.679654 0.066017 0.225108
6 0.854978 0.607143 0.108225 0.257576
17 0.090909 0.873377 0.090909 0.222944
20 0.198593 0.866883 0.102814 0.218615
18 0.424784 0.867965 0.113636 0.233766
27 0.719156 0.887446 0.081169 0.190476
14 0.840368 0.862554 0.102814 0.235931
28 0.949675 0.848485 0.055195 0.229437
