12 0.077381 0.275974 0.055195 0.188312
22 0.091991 0.529221 0.086580 0.183983
9 0.064935 0.793290 0.062771 0.196970
5 0.200216 0.221861 0.082251 0.188312
24 0.188312 0.432900 0.067100 0.194805
14 0.175866 0.706710 0.079004 0.196970
11 0.322511 0.254329 0.077922 0.196970
17 0.277056 0.461039 0.062771 0.177489
15 0.319264 0.702381 0.067100 0.201299
30 0.251082 0.889610 0.064935 0.190476
27 0.424242 0.103896 0.071429 0.177489
3 0.423701 0.305195 0.070346 0.190476
7 0.424784 0.593074 0.059524 0.177489
0 0.418290 0.810606 0.066017 0.183983
18 0.567100 0.152597 0.088745 0.192641
25 0.521104 0.481602 0.063853 0.188312
4 0.611472 0.427489 0.088745 0.183983
13 0.544913 0.803030 0.046537 0.199134
6 0.666126 0.138528 0.079004 0.190476
21 0.721320 0.378788 0.070346 0.199134
29 0.731061 0.581169 0.072511 0.175325
8 0.682900 0.779221 0.073593 0.181818
28 0.774351 0.114719 0.057359 0.199134
19 0.864177 0.111472 0.076840 0.183983
1 0.833874 0.327922 0.059524 0.183983
26 0.935606 0.310606 0.042208 0.196970
2 0.829545 0.551948 0.074675 0.190476
20 0.922619 0.517316 0.079004 0.194805
23 0.792208 0.805195 0.069264 0.203463
10 0.903680 0.865801 0.082251 0.194805
