2 0.058983 0.172078 0.070346 0.179654
23 0.076299 0.456710 0.061688 0.186147
14 0.057900 0.810606 0.076840 0.188312
0 0.149351 0.242424 0.062771 0.181818
12 0.160714 0.561688 0.053030 0.183983
11 0.203463 0.878788 0.080087 0.177489
28 0.261905 0.134199 0.051948 0.181818
5 0.278139 0.331169 0.082251 0.181818
10 0.297078 0.639610 0.087662 0.183983
25 0.314394 0.875541 0.053030 0.183983
1 0.337662 0.100649 0.058442 0.162338
15 0.394481 0.326840 0.063853 0.186147
24 0.395022 0.743506 0.062771 0.183983
27 0.455087 0.107143 0.063853 0.175325
13 0.471320 0.344156 0.042208 0.168831
3 0.467532 0.551948 0.073593 0.173160
7 0.505411 0.738095 0.054113 0.168831
21 0.569805 0.225108 0.068182 0.177489
19 0.576840 0.480519 0.069264 0.173160
17 0.615260 0.702381 0.063853 0.162338
29 0.630952 0.898268 0.071429 0.173160
18 0.734848 0.864719 0.084416 0.170996
8 0.664502 0.165584 0.067100 0.175325
22 0.765152 0.209957 0.080087 0.177489
4 0.765152 0.538961 0.082251 0.168831
26 0.889069 0.129870 0.042208 0.186147
30 0.859307 0.361472 0.062771 0.186147
9 0.916126 0.613636 0.059524 0.183983
20 0.909632 0.845238 0.074675 0.179654
6 0.946970 0.339827 0.069264 0.186147
