28 0.059524 0.140693 0.047619 0.177489
7 0.066558 0.388528 0.068182 0.205628
18 0.079545 0.760823 0.091991 0.214286
13 0.126623 0.167749 0.047619 0.214286
15 0.208874 0.443723 0.073593 0.216450
27 0.183442 0.645022 0.061688 0.168831
8 0.178030 0.847403 0.076840 0.205628
17 0.260281 0.115801 0.068182 0.201299
2 0.326840 0.376623 0.077922 0.207792
24 0.305736 0.621212 0.068182 0.207792
12 0.267316 0.841991 0.060606 0.212121
19 0.365260 0.129870 0.083333 0.212121
30 0.416667 0.416667 0.054113 0.166667
0 0.399892 0.634199 0.074675 0.207792
21 0.428030 0.864719 0.076840 0.218615
23 0.478896 0.115801 0.070346 0.205628
5 0.502706 0.335498 0.091991 0.207792
22 0.509740 0.560606 0.093074 0.207792
11 0.551407 0.791126 0.089827 0.214286
20 0.637446 0.285714 0.086580 0.207792
1 0.620671 0.544372 0.068182 0.201299
3 0.696970 0.765152 0.082251 0.218615
6 0.724026 0.134199 0.084416 0.216450
29 0.740801 0.330087 0.063853 0.158009
10 0.748918 0.528139 0.093074 0.216450
25 0.785714 0.866883 0.056277 0.183983
26 0.819264 0.261905 0.036797 0.181818
9 0.900433 0.224026 0.069264 0.222944
10 0.882035 0.468615 0.090909 0.209957
4 0.876623 0.830087 0.099567 0.201299
