4 0.107684 0.255411 0.074675 0.155844
22 0.051407 0.545455 0.072511 0.151515
27 0.219156 0.111472 0.061688 0.153680
10 0.248377 0.380952 0.072511 0.155844
0 0.196429 0.581169 0.061688 0.162338
20 0.142316 0.755411 0.068182 0.164502
14 0.253247 0.774892 0.069264 0.164502
23 0.289502 0.595238 0.059524 0.173160
12 0.346320 0.304113 0.049784 0.166667
30 0.377165 0.102814 0.059524 0.166667
6 0.412338 0.721861 0.067100 0.166667
5 0.497835 0.174242 0.073593 0.166667
2 0.457251 0.468615 0.061688 0.162338
24 0.492424 0.804113 0.060606 0.170996
29 0.524892 0.594156 0.062771 0.158009
11 0.596320 0.098485 0.067100 0.162338
18 0.618506 0.428571 0.076840 0.164502
19 0.636364 0.602814 0.064935 0.158009
9 0.586580 0.801948 0.056277 0.175325
25 0.702381 0.895022 0.049784 0.166667
13 0.777056 0.760823 0.038961 0.158009
7 0.860931 0.897186 0.050866 0.153680
28 0.945887 0.860390 0.047619 0.170996
17 0.885281 0.633117 0.054113 0.153680
1 0.713203 0.544372 0.054113 0.149351
21 0.699675 0.244589 0.061688 0.173160
8 0.796537 0.192641 0.064935 0.160173
3 0.837662 0.443723 0.067100 0.173160
26 0.927489 0.418831 0.036797 0.166667
15 0.890152 0.169913 0.061688 0.170996
