8 0.084957 0.123377 0.079004 0.199134
17 0.069264 0.436147 0.071429 0.196970
1 0.087662 0.664502 0.071429 0.194805
23 0.061688 0.876623 0.071429 0.207792
13 0.149351 0.878788 0.047619 0.203463
28 0.183442 0.151515 0.053030 0.181818
19 0.167749 0.388528 0.086580 0.205628
21 0.239719 0.750000 0.081169 0.222944
26 0.267316 0.317100 0.047619 0.188312
12 0.259199 0.115801 0.059524 0.201299
10 0.288961 0.521645 0.099567 0.203463
7 0.372294 0.226190 0.073593 0.201299
24 0.411255 0.626623 0.062771 0.196970
3 0.354437 0.816017 0.083333 0.212121
30 0.443182 0.897186 0.061688 0.183983
18 0.454004 0.432900 0.091991 0.199134
0 0.551948 0.404762 0.077922 0.212121
6 0.532468 0.142857 0.090909 0.212121
2 0.505952 0.718615 0.081169 0.207792
5 0.638528 0.733766 0.088745 0.212121
15 0.691017 0.257576 0.074675 0.220779
4 0.705087 0.497835 0.100649 0.203463
22 0.804654 0.538961 0.094156 0.207792
14 0.778680 0.756494 0.098485 0.214286
25 0.891775 0.888528 0.062771 0.183983
11 0.911797 0.685065 0.091991 0.201299
27 0.927489 0.487013 0.069264 0.177489
9 0.889069 0.284632 0.076840 0.214286
20 0.794913 0.199134 0.094156 0.207792
29 0.943182 0.095238 0.063853 0.168831
