26 0.058442 0.107143 0.064935 0.209957
28 0.061147 0.335498 0.066017 0.220779
23 0.061147 0.541126 0.083333 0.225108
30 0.056277 0.893939 0.077922 0.203463
8 0.153680 0.288961 0.086580 0.209957
17 0.158550 0.543290 0.076840 0.212121
2 0.143939 0.804113 0.108225 0.227273
24 0.249459 0.264069 0.079004 0.216450
9 0.308442 0.497835 0.088745 0.242424
13 0.273810 0.764069 0.071429 0.220779
4 0.344156 0.225108 0.108225 0.225108
27 0.465368 0.101732 0.086580 0.186147
12 0.439394 0.307359 0.080087 0.225108
10 0.442100 0.535714 0.100649 0.222944
0 0.385823 0.770563 0.085498 0.216450
21 0.490260 0.866883 0.082251 0.231602
1 0.555195 0.234848 0.080087 0.218615
15 0.567641 0.515152 0.087662 0.242424
6 0.594697 0.801948 0.094156 0.227273
25 0.649351 0.111472 0.064935 0.192641
11 0.663420 0.319264 0.101732 0.227273
14 0.704004 0.635281 0.109307 0.214286
20 0.714827 0.846320 0.102814 0.229437
19 0.765693 0.112554 0.089827 0.220779
22 0.775974 0.344156 0.110390 0.225108
7 0.823593 0.599567 0.067100 0.229437
5 0.840909 0.871212 0.101732 0.227273
18 0.939394 0.580087 0.095238 0.251082
29 0.941558 0.831169 0.069264 0.186147
3 0.881494 0.179654 0.089827 0.238095
