21 0.075758 0.119048 0.060606 0.155844
13 0.106061 0.449134 0.036797 0.140693
11 0.062229 0.645022 0.061688 0.138528
14 0.061688 0.857143 0.060606 0.147186
26 0.173160 0.294372 0.036797 0.142857
12 0.188312 0.555195 0.041126 0.145022
7 0.207792 0.704545 0.047619 0.127706
8 0.245671 0.112554 0.054113 0.138528
28 0.294372 0.392857 0.045455 0.153680
15 0.275974 0.728355 0.051948 0.153680
3 0.372835 0.441558 0.057359 0.142857
24 0.349026 0.681818 0.055195 0.147186
30 0.345238 0.887446 0.049784 0.147186
4 0.428571 0.915584 0.062771 0.142857
20 0.429113 0.162338 0.066017 0.147186
29 0.504329 0.151515 0.060606 0.147186
10 0.524892 0.316017 0.069264 0.147186
0 0.499459 0.677489 0.059524 0.151515
25 0.567100 0.641775 0.049784 0.145022
5 0.577922 0.857143 0.069264 0.155844
22 0.622294 0.141775 0.062771 0.140693
19 0.610390 0.442641 0.056277 0.145022
6 0.673160 0.622294 0.064935 0.153680
1 0.711580 0.852814 0.048701 0.134199
23 0.642857 0.295455 0.051948 0.145022
27 0.711580 0.432900 0.057359 0.138528
2 0.694264 0.117965 0.059524 0.136364
17 0.784091 0.625541 0.050866 0.142857
18 0.794372 0.439394 0.069264 0.142857
9 0.912338 0.128788 0.056277 0.149351
