14 0.112554 0.192641 0.095238 0.220779
12 0.067641 0.523810 0.059524 0.203463
21 0.066558 0.783550 0.087662 0.225108
15 0.167208 0.732684 0.076840 0.218615
29 0.257576 0.891775 0.075758 0.186147
27 0.259740 0.634199 0.075758 0.190476
7 0.349567 0.792208 0.069264 0.199134
8 0.189935 0.428571 0.079004 0.203463
19 0.288420 0.400433 0.083333 0.212121
4 0.442100 0.404762 0.098485 0.207792
22 0.219697 0.190476 0.095238 0.207792
20 0.326299 0.143939 0.091991 0.209957
0 0.427489 0.130952 0.077922 0.214286
3 0.546537 0.199134 0.077922 0.207792
5 0.492424 0.659091 0.095238 0.209957
26 0.462121 0.879870 0.047619 0.209957
10 0.565476 0.879870 0.094156 0.209957
6 0.701299 0.874459 0.086580 0.216450
23 0.605519 0.653680 0.072511 0.220779
9 0.587121 0.423160 0.066017 0.218615
11 0.726732 0.629870 0.094156 0.216450
13 0.818182 0.871212 0.045455 0.214286
25 0.928030 0.875541 0.063853 0.209957
30 0.640152 0.112554 0.070346 0.203463
17 0.720779 0.274892 0.071429 0.203463
18 0.830628 0.188312 0.100649 0.207792
1 0.856061 0.448052 0.071429 0.194805
2 0.899892 0.661255 0.081169 0.209957
28 0.948052 0.345238 0.056277 0.196970
24 0.936147 0.127706 0.075758 0.216450
