29 0.044372 0.165584 0.067100 0.166667
3 0.139069 0.147186 0.087662 0.238095
17 0.237013 0.154762 0.080087 0.231602
1 0.387446 0.256494 0.088745 0.235931
7 0.509199 0.264069 0.079004 0.255411
23 0.595779 0.119048 0.068182 0.216450
5 0.707792 0.180736 0.106061 0.253247
20 0.820346 0.166667 0.090909 0.229437
9 0.919372 0.165584 0.076840 0.274892
19 0.063853 0.397186 0.095238 0.240260
11 0.185065 0.471861 0.099567 0.259740
18 0.331169 0.428571 0.116883 0.251082
8 0.453463 0.510823 0.088745 0.246753
0 0.579004 0.561688 0.084416 0.261905
25 0.675325 0.615801 0.054113 0.196970
4 0.771104 0.459957 0.126623 0.248918
14 0.911797 0.436147 0.115801 0.257576
24 0.058442 0.640693 0.082251 0.207792
2 0.159091 0.738095 0.097403 0.251082
13 0.281926 0.681818 0.068182 0.238095
10 0.411255 0.765152 0.106061 0.270563
26 0.514069 0.888528 0.049784 0.222944
6 0.615801 0.849567 0.108225 0.274892
28 0.716450 0.892857 0.054113 0.188312
15 0.804654 0.825758 0.094156 0.279221
12 0.906385 0.715368 0.072511 0.235931
27 0.281926 0.896104 0.085498 0.177489
21 0.064394 0.857143 0.096320 0.220779
30 0.944264 0.916667 0.050866 0.158009
22 0.604978 0.334416 0.099567 0.209957
