17 0.091991 0.122294 0.051948 0.153680
4 0.070346 0.324675 0.071429 0.147186
0 0.050866 0.649351 0.058442 0.160173
14 0.158550 0.575758 0.070346 0.147186
2 0.189394 0.844156 0.067100 0.155844
11 0.173160 0.213203 0.069264 0.158009
30 0.213745 0.402597 0.055195 0.181818
26 0.284091 0.390693 0.044372 0.166667
24 0.305195 0.576840 0.054113 0.153680
5 0.347403 0.133117 0.069264 0.158009
10 0.432900 0.337662 0.060606 0.151515
29 0.394481 0.492424 0.059524 0.140693
6 0.413961 0.670996 0.057359 0.155844
21 0.387987 0.862554 0.059524 0.158009
25 0.554654 0.670996 0.044372 0.160173
22 0.474026 0.493506 0.069264 0.142857
27 0.526515 0.324675 0.055195 0.151515
23 0.511364 0.093074 0.057359 0.168831
9 0.603896 0.338745 0.058442 0.158009
3 0.642316 0.503247 0.059524 0.158009
12 0.635281 0.774892 0.054113 0.151515
13 0.695346 0.129870 0.048701 0.147186
28 0.801948 0.109307 0.045455 0.153680
20 0.753247 0.334416 0.071429 0.162338
8 0.891234 0.195887 0.057359 0.149351
7 0.926948 0.404762 0.044372 0.151515
18 0.793290 0.517316 0.069264 0.142857
1 0.857684 0.658009 0.053030 0.142857
19 0.910714 0.837662 0.061688 0.138528
15 0.847403 0.903680 0.054113 0.153680
