4 0.112013 0.229437 0.085498 0.173160
12 0.080087 0.545455 0.051948 0.190476
18 0.139069 0.809524 0.089827 0.186147
9 0.209957 0.237013 0.067100 0.192641
5 0.240260 0.538961 0.084416 0.181818
27 0.232143 0.715368 0.070346 0.162338
17 0.299784 0.239177 0.071429 0.188312
1 0.318182 0.738095 0.060606 0.164502
30 0.286255 0.896104 0.059524 0.181818
13 0.395022 0.220779 0.049784 0.177489
10 0.382035 0.428571 0.086580 0.181818
26 0.433442 0.620130 0.044372 0.183983
7 0.404221 0.824675 0.068182 0.168831
14 0.492424 0.415584 0.088745 0.173160
22 0.545996 0.138528 0.083333 0.168831
25 0.523268 0.607143 0.055195 0.179654
2 0.555736 0.792208 0.066017 0.168831
0 0.613636 0.338745 0.067100 0.166667
15 0.654762 0.554113 0.069264 0.186147
21 0.648268 0.784632 0.073593 0.183983
23 0.701840 0.191558 0.068182 0.188312
20 0.732143 0.387446 0.076840 0.177489
6 0.761364 0.691558 0.076840 0.179654
24 0.747294 0.891775 0.076840 0.190476
28 0.807359 0.106061 0.060606 0.194805
8 0.830628 0.361472 0.068182 0.173160
29 0.845779 0.669913 0.070346 0.166667
11 0.926407 0.120130 0.075758 0.183983
19 0.918831 0.491342 0.073593 0.194805
3 0.916667 0.808442 0.077922 0.183983
