18 0.081169 0.123377 0.127706 0.238095
4 0.110390 0.356061 0.108225 0.235931
17 0.068723 0.612554 0.083333 0.220779
21 0.069264 0.851732 0.099567 0.240260
13 0.153680 0.874459 0.073593 0.233766
10 0.253247 0.248918 0.129870 0.238095
8 0.223485 0.531385 0.083333 0.222944
23 0.233225 0.761905 0.098485 0.225108
30 0.350108 0.307359 0.053030 0.160173
26 0.325758 0.585498 0.054113 0.222944
6 0.356061 0.865801 0.110390 0.242424
0 0.409091 0.491342 0.108225 0.238095
7 0.409632 0.127706 0.072511 0.233766
19 0.515152 0.182900 0.095238 0.244589
24 0.515693 0.534632 0.076840 0.220779
5 0.528680 0.770563 0.115801 0.233766
29 0.602273 0.088745 0.059524 0.151515
3 0.608225 0.362554 0.090909 0.222944
20 0.646104 0.601732 0.099567 0.251082
2 0.643939 0.848485 0.099567 0.225108
15 0.686147 0.142857 0.099567 0.259740
25 0.746753 0.375541 0.069264 0.192641
9 0.756494 0.606061 0.075758 0.242424
14 0.804113 0.866883 0.106061 0.222944
11 0.800866 0.158009 0.090909 0.246753
12 0.887446 0.341991 0.064935 0.225108
1 0.873918 0.672078 0.081169 0.244589
28 0.951299 0.603896 0.054113 0.212121
27 0.936688 0.887446 0.102814 0.225108
22 0.913961 0.125541 0.113636 0.246753
