28 0.146645 0.091991 0.048701 0.179654
20 0.081710 0.327922 0.070346 0.179654
22 0.061147 0.593074 0.079004 0.173160
14 0.107684 0.899351 0.072511 0.170996
7 0.200216 0.762987 0.054113 0.175325
4 0.255411 0.560606 0.071429 0.168831
30 0.202381 0.369048 0.056277 0.183983
12 0.231602 0.185065 0.047619 0.170996
17 0.292749 0.332251 0.061688 0.158009
23 0.357684 0.117965 0.066017 0.179654
24 0.394481 0.480519 0.063853 0.177489
18 0.345779 0.712121 0.079004 0.164502
5 0.456169 0.673160 0.070346 0.155844
11 0.449675 0.235931 0.076840 0.173160
2 0.558983 0.175325 0.066017 0.164502
29 0.526515 0.428571 0.072511 0.168831
9 0.542749 0.650433 0.055195 0.170996
3 0.512987 0.878788 0.071429 0.177489
21 0.637446 0.887446 0.067100 0.190476
13 0.667749 0.680736 0.054113 0.166667
0 0.608766 0.401515 0.070346 0.170996
10 0.696970 0.425325 0.080087 0.175325
25 0.687771 0.205628 0.068182 0.199134
15 0.824675 0.165584 0.067100 0.188312
26 0.902056 0.182900 0.046537 0.188312
8 0.930195 0.414502 0.061688 0.170996
19 0.777056 0.561688 0.067100 0.162338
6 0.777597 0.862554 0.070346 0.179654
27 0.865801 0.882035 0.073593 0.166667
1 0.912338 0.732684 0.062771 0.162338
