28 0.062229 0.109307 0.061688 0.196970
7 0.083874 0.579004 0.066017 0.192641
8 0.101732 0.871212 0.071429 0.192641
19 0.141775 0.321429 0.073593 0.179654
5 0.186688 0.628788 0.089827 0.196970
20 0.240801 0.122294 0.081169 0.192641
14 0.271645 0.316017 0.086580 0.190476
9 0.297619 0.532468 0.067100 0.212121
18 0.277597 0.836580 0.094156 0.196970
27 0.393939 0.127706 0.071429 0.181818
0 0.365260 0.326840 0.074675 0.190476
25 0.476190 0.137446 0.064935 0.201299
12 0.452922 0.564935 0.057359 0.181818
6 0.433983 0.830087 0.082251 0.196970
26 0.578463 0.112554 0.050866 0.190476
15 0.532468 0.372294 0.077922 0.203463
2 0.514610 0.818182 0.072511 0.194805
21 0.562229 0.611472 0.079004 0.201299
3 0.659091 0.261905 0.080087 0.199134
30 0.647727 0.490260 0.070346 0.205628
22 0.605519 0.860390 0.087662 0.188312
13 0.746212 0.255411 0.048701 0.190476
24 0.735931 0.472944 0.067100 0.201299
4 0.716991 0.690476 0.089827 0.177489
29 0.705087 0.877706 0.072511 0.175325
11 0.821970 0.824675 0.085498 0.199134
10 0.942100 0.854978 0.081169 0.190476
17 0.904762 0.537879 0.064935 0.175325
1 0.905844 0.348485 0.062771 0.173160
23 0.856061 0.147186 0.071429 0.199134
