21 0.073052 0.112554 0.066017 0.181818
23 0.051407 0.299784 0.059524 0.183983
26 0.059524 0.730519 0.034632 0.175325
4 0.224026 0.165584 0.080087 0.158009
8 0.165043 0.382035 0.063853 0.170996
11 0.142857 0.633117 0.069264 0.170996
15 0.144481 0.820346 0.057359 0.168831
19 0.299242 0.225108 0.063853 0.164502
24 0.343615 0.435065 0.061688 0.177489
3 0.297078 0.626623 0.066017 0.166667
29 0.241883 0.839827 0.061688 0.164502
17 0.336039 0.807359 0.055195 0.160173
30 0.389610 0.630952 0.058442 0.175325
2 0.417749 0.221861 0.069264 0.166667
22 0.489719 0.334416 0.076840 0.170996
7 0.468074 0.619048 0.053030 0.160173
12 0.488095 0.899351 0.049784 0.162338
18 0.570346 0.113636 0.077922 0.166667
13 0.620671 0.341991 0.040043 0.164502
10 0.570346 0.651515 0.071429 0.168831
27 0.570346 0.837662 0.060606 0.164502
5 0.716991 0.247835 0.072511 0.170996
14 0.687229 0.740260 0.071429 0.173160
0 0.784632 0.615801 0.058442 0.179654
25 0.826840 0.106061 0.051948 0.164502
9 0.849567 0.323593 0.058442 0.175325
1 0.898810 0.529221 0.053030 0.158009
28 0.798160 0.884199 0.048701 0.170996
6 0.891775 0.807359 0.064935 0.177489
20 0.942641 0.090909 0.069264 0.168831
