25 0.092532 0.121212 0.053030 0.168831
1 0.069264 0.319264 0.058442 0.162338
24 0.057359 0.522727 0.064935 0.175325
15 0.069264 0.740260 0.060606 0.177489
22 0.151515 0.667749 0.075758 0.166667
5 0.230519 0.211039 0.080087 0.170996
18 0.194264 0.488095 0.074675 0.166667
0 0.231061 0.775974 0.068182 0.188312
19 0.329004 0.145022 0.071429 0.164502
8 0.322511 0.493506 0.069264 0.173160
9 0.362013 0.823593 0.059524 0.179654
21 0.466991 0.856061 0.076840 0.188312
29 0.552489 0.876623 0.070346 0.164502
2 0.559524 0.702381 0.069264 0.170996
7 0.636905 0.747835 0.061688 0.166667
23 0.477814 0.497835 0.066017 0.181818
14 0.420455 0.262987 0.076840 0.179654
30 0.514069 0.270563 0.067100 0.190476
6 0.583333 0.141775 0.073593 0.179654
17 0.567100 0.469697 0.058442 0.168831
3 0.688853 0.454545 0.072511 0.177489
12 0.731602 0.145022 0.056277 0.168831
26 0.814394 0.107143 0.044372 0.170996
11 0.819805 0.362554 0.074675 0.175325
13 0.748918 0.752165 0.043290 0.170996
28 0.827381 0.891775 0.050866 0.181818
4 0.859848 0.704545 0.076840 0.170996
27 0.928571 0.897186 0.064935 0.166667
10 0.929113 0.121212 0.083333 0.177489
20 0.920455 0.480519 0.072511 0.173160
