1 0.076299 0.230519 0.061688 0.166667
22 0.066017 0.428571 0.082251 0.177489
23 0.188312 0.123377 0.071429 0.199134
17 0.173701 0.438312 0.072511 0.188312
14 0.117965 0.785714 0.082251 0.190476
0 0.320346 0.164502 0.075758 0.186147
2 0.267316 0.425325 0.071429 0.179654
5 0.279762 0.613636 0.083333 0.175325
6 0.273268 0.847403 0.089827 0.192641
28 0.385281 0.411255 0.060606 0.190476
11 0.398810 0.624459 0.087662 0.192641
8 0.375541 0.830087 0.069264 0.196970
10 0.452922 0.152597 0.085498 0.188312
30 0.501623 0.336580 0.059524 0.188312
9 0.517316 0.541126 0.058442 0.199134
25 0.502165 0.808442 0.062771 0.175325
4 0.594156 0.739177 0.088745 0.175325
19 0.594156 0.417749 0.080087 0.186147
24 0.615801 0.098485 0.062771 0.192641
3 0.680195 0.566017 0.070346 0.192641
12 0.737554 0.101732 0.055195 0.168831
27 0.820346 0.121212 0.080087 0.173160
20 0.921537 0.141775 0.081169 0.188312
13 0.759740 0.417749 0.058442 0.177489
29 0.762987 0.604978 0.073593 0.175325
26 0.856061 0.609307 0.049784 0.188312
18 0.902056 0.427489 0.087662 0.188312
15 0.946970 0.807359 0.062771 0.199134
7 0.844156 0.806277 0.060606 0.183983
21 0.755952 0.889610 0.074675 0.186147
