25 0.053030 0.232684 0.047619 0.149351
9 0.129870 0.187229 0.047619 0.162338
3 0.239719 0.195887 0.057359 0.153680
11 0.339286 0.245671 0.063853 0.162338
2 0.479978 0.294372 0.057359 0.155844
7 0.523268 0.093074 0.048701 0.151515
13 0.635823 0.177489 0.031385 0.151515
21 0.796537 0.193723 0.054113 0.162338
27 0.883658 0.284632 0.050866 0.149351
0 0.780303 0.382035 0.051948 0.153680
18 0.936688 0.531385 0.068182 0.153680
24 0.891234 0.735931 0.050866 0.155844
17 0.771645 0.687229 0.047619 0.145022
19 0.797619 0.850649 0.058442 0.142857
26 0.680195 0.840909 0.031385 0.162338
10 0.677489 0.418831 0.067100 0.153680
15 0.586039 0.397186 0.053030 0.162338
5 0.566017 0.655844 0.064935 0.151515
6 0.594156 0.839827 0.060606 0.151515
22 0.484848 0.856061 0.064935 0.149351
1 0.424242 0.534632 0.047619 0.142857
30 0.399351 0.759740 0.051948 0.160173
20 0.333874 0.482684 0.061688 0.147186
12 0.323052 0.748918 0.042208 0.147186
8 0.232684 0.797619 0.056277 0.149351
28 0.240801 0.534632 0.044372 0.155844
23 0.156926 0.611472 0.058442 0.166667
29 0.085498 0.408009 0.058442 0.145022
4 0.078463 0.572511 0.068182 0.149351
14 0.063312 0.817100 0.066017 0.158009
