24 0.059524 0.110390 0.060606 0.177489
10 0.113095 0.290043 0.074675 0.177489
19 0.115801 0.639610 0.067100 0.162338
6 0.135823 0.870130 0.066017 0.168831
0 0.212662 0.786797 0.059524 0.170996
23 0.235931 0.568182 0.058442 0.175325
27 0.195887 0.149351 0.060606 0.155844
11 0.294372 0.213203 0.069264 0.166667
30 0.380952 0.133117 0.060606 0.179654
28 0.392316 0.384199 0.048701 0.170996
3 0.360931 0.572511 0.063853 0.162338
7 0.293290 0.861472 0.051948 0.160173
18 0.389069 0.838745 0.074675 0.166667
1 0.467532 0.625541 0.054113 0.155844
29 0.488636 0.792208 0.066017 0.155844
26 0.560065 0.682900 0.037879 0.170996
12 0.476732 0.268398 0.048701 0.164502
21 0.548701 0.119048 0.071429 0.173160
5 0.642857 0.178571 0.073593 0.166667
2 0.672078 0.572511 0.069264 0.175325
17 0.613636 0.863636 0.060606 0.160173
8 0.762987 0.779221 0.067100 0.173160
20 0.870671 0.737013 0.070346 0.166667
9 0.731061 0.382035 0.055195 0.175325
4 0.844697 0.506494 0.079004 0.155844
15 0.775974 0.147186 0.060606 0.177489
22 0.896104 0.122294 0.073593 0.162338
14 0.856602 0.307359 0.072511 0.173160
25 0.944264 0.397186 0.050866 0.166667
13 0.543290 0.492424 0.041126 0.175325
