13 0.112554 0.241342 0.064935 0.235931
20 0.068723 0.571429 0.098485 0.212121
18 0.083874 0.846320 0.109307 0.225108
30 0.206710 0.095238 0.069264 0.168831
10 0.233766 0.296537 0.108225 0.229437
6 0.180195 0.597403 0.100649 0.225108
24 0.185606 0.814935 0.072511 0.196970
29 0.349567 0.103896 0.069264 0.177489
7 0.380952 0.303030 0.075758 0.220779
17 0.340909 0.556277 0.077922 0.225108
0 0.279221 0.801948 0.082251 0.231602
19 0.476190 0.183983 0.088745 0.229437
1 0.451299 0.530303 0.073593 0.212121
14 0.407468 0.849567 0.104978 0.227273
28 0.535714 0.427489 0.056277 0.192641
26 0.542749 0.635281 0.044372 0.192641
11 0.530303 0.856061 0.095238 0.222944
27 0.643398 0.103896 0.072511 0.181818
2 0.614719 0.318182 0.093074 0.216450
4 0.631494 0.606061 0.104978 0.220779
8 0.643398 0.837662 0.085498 0.225108
22 0.752706 0.113636 0.100649 0.201299
5 0.754329 0.338745 0.101732 0.222944
9 0.888528 0.266234 0.075758 0.242424
21 0.744589 0.637446 0.082251 0.222944
12 0.762987 0.871212 0.064935 0.227273
3 0.847403 0.582251 0.093074 0.238095
25 0.841991 0.800866 0.064935 0.186147
23 0.936688 0.564935 0.070346 0.203463
15 0.937771 0.817100 0.081169 0.244589
