24 0.071970 0.140693 0.072511 0.207792
11 0.063312 0.354978 0.083333 0.203463
30 0.058442 0.652597 0.069264 0.201299
5 0.127165 0.854978 0.085498 0.194805
17 0.141775 0.519481 0.067100 0.186147
10 0.175866 0.245671 0.094156 0.201299
21 0.250541 0.469697 0.076840 0.207792
2 0.270022 0.873377 0.079004 0.192641
7 0.317100 0.255411 0.064935 0.190476
14 0.362013 0.622294 0.085498 0.196970
25 0.436147 0.108225 0.058442 0.199134
0 0.482143 0.319264 0.074675 0.201299
3 0.475108 0.658009 0.077922 0.199134
6 0.456169 0.874459 0.085498 0.207792
29 0.533550 0.108225 0.073593 0.181818
4 0.600649 0.353896 0.093074 0.183983
18 0.605519 0.558442 0.096320 0.199134
12 0.620671 0.821429 0.055195 0.192641
23 0.713203 0.861472 0.071429 0.199134
19 0.639610 0.130952 0.080087 0.192641
26 0.740260 0.111472 0.045455 0.188312
28 0.708874 0.326840 0.054113 0.194805
1 0.745671 0.527056 0.069264 0.196970
13 0.778680 0.319264 0.044372 0.201299
15 0.816017 0.756494 0.073593 0.209957
9 0.862013 0.542208 0.068182 0.214286
22 0.831169 0.113636 0.086580 0.192641
27 0.935065 0.106061 0.071429 0.177489
8 0.931818 0.311688 0.073593 0.199134
20 0.927489 0.766234 0.084416 0.199134
