0 0.127706 0.188312 0.088745 0.233766
18 0.108225 0.520563 0.101732 0.231602
27 0.082792 0.897186 0.072511 0.170996
1 0.115801 0.770563 0.073593 0.207792
11 0.258117 0.179654 0.096320 0.229437
8 0.228355 0.479437 0.088745 0.218615
7 0.212662 0.759740 0.074675 0.229437
20 0.307359 0.849567 0.097403 0.222944
3 0.417749 0.738095 0.093074 0.246753
10 0.386905 0.494589 0.107143 0.235931
15 0.374459 0.191558 0.093074 0.240260
4 0.486472 0.261905 0.100649 0.233766
22 0.495130 0.519481 0.094156 0.212121
12 0.508117 0.735931 0.066017 0.220779
24 0.590909 0.891775 0.062771 0.190476
25 0.676407 0.889610 0.062771 0.181818
29 0.587662 0.510823 0.064935 0.164502
14 0.585498 0.313853 0.097403 0.220779
26 0.589286 0.103896 0.050866 0.194805
23 0.675325 0.126623 0.071429 0.218615
21 0.693723 0.456710 0.084416 0.212121
5 0.669372 0.689394 0.098485 0.222944
13 0.781926 0.604978 0.059524 0.231602
19 0.775433 0.845238 0.087662 0.222944
6 0.924242 0.826840 0.101732 0.242424
17 0.884199 0.572511 0.084416 0.218615
2 0.774892 0.285714 0.086580 0.216450
28 0.866883 0.098485 0.054113 0.183983
30 0.949134 0.088745 0.058442 0.164502
9 0.922619 0.295455 0.070346 0.240260
