21 0.077922 0.242424 0.067100 0.177489
2 0.104437 0.604978 0.066017 0.166667
20 0.095238 0.832251 0.073593 0.166667
7 0.183983 0.284632 0.058442 0.158009
25 0.192641 0.487013 0.049784 0.168831
11 0.225649 0.673160 0.070346 0.168831
30 0.203463 0.893939 0.062771 0.181818
5 0.287338 0.850649 0.074675 0.168831
18 0.299784 0.106061 0.077922 0.164502
9 0.316017 0.450216 0.056277 0.173160
19 0.397727 0.140693 0.068182 0.168831
24 0.395563 0.375541 0.061688 0.175325
17 0.428030 0.576840 0.057359 0.166667
1 0.417749 0.816017 0.054113 0.160173
8 0.502165 0.245671 0.062771 0.162338
22 0.502706 0.429654 0.072511 0.166667
10 0.569264 0.622294 0.073593 0.175325
23 0.517316 0.897186 0.060606 0.175325
27 0.659632 0.116883 0.063853 0.160173
14 0.667208 0.309524 0.074675 0.177489
4 0.713203 0.527056 0.075758 0.162338
0 0.659091 0.889610 0.062771 0.168831
3 0.744589 0.820346 0.062771 0.168831
26 0.791667 0.185065 0.037879 0.179654
6 0.873918 0.333333 0.072511 0.177489
12 0.842532 0.687229 0.048701 0.162338
29 0.859848 0.880952 0.066017 0.173160
15 0.948593 0.104978 0.061688 0.175325
28 0.939935 0.573593 0.048701 0.168831
13 0.946429 0.770563 0.040043 0.168831
