17 0.071970 0.140693 0.061688 0.177489
11 0.094697 0.353896 0.079004 0.183983
1 0.074134 0.607143 0.055195 0.170996
23 0.100108 0.863636 0.066017 0.190476
13 0.185065 0.891775 0.043290 0.181818
12 0.188312 0.492424 0.049784 0.170996
14 0.231061 0.701299 0.079004 0.181818
6 0.234307 0.152597 0.072511 0.183983
29 0.264610 0.449134 0.070346 0.170996
15 0.377165 0.193723 0.072511 0.188312
21 0.371212 0.461039 0.075758 0.190476
2 0.384740 0.699134 0.072511 0.177489
22 0.399351 0.892857 0.080087 0.179654
26 0.478355 0.455628 0.038961 0.188312
5 0.509199 0.709957 0.081169 0.181818
8 0.527597 0.222944 0.066017 0.177489
4 0.567100 0.457792 0.082251 0.175325
27 0.614719 0.683983 0.067100 0.164502
25 0.609307 0.873377 0.056277 0.175325
28 0.620130 0.112554 0.049784 0.186147
3 0.673160 0.412338 0.075758 0.175325
7 0.691558 0.844156 0.058442 0.168831
18 0.712662 0.106061 0.083333 0.173160
19 0.746753 0.583333 0.071429 0.170996
20 0.779762 0.781385 0.074675 0.173160
0 0.789502 0.312771 0.063853 0.175325
30 0.829004 0.110390 0.067100 0.186147
10 0.919913 0.269481 0.077922 0.183983
24 0.901515 0.561688 0.064935 0.188312
9 0.876623 0.841991 0.064935 0.181818
