3 0.068182 0.221861 0.051948 0.132035
14 0.185065 0.270563 0.062771 0.134199
21 0.285173 0.168831 0.048701 0.138528
27 0.273268 0.337662 0.048701 0.129870
8 0.376082 0.325758 0.048701 0.136364
17 0.469697 0.182900 0.038961 0.127706
19 0.444805 0.439394 0.054113 0.129870
18 0.537338 0.405844 0.059524 0.140693
24 0.594697 0.164502 0.048701 0.147186
6 0.807900 0.243506 0.050866 0.140693
25 0.880411 0.208874 0.040043 0.140693
4 0.951840 0.369048 0.059524 0.132035
1 0.906926 0.559524 0.041126 0.132035
7 0.910714 0.838745 0.042208 0.136364
29 0.821429 0.524892 0.049784 0.140693
26 0.772727 0.717532 0.034632 0.149351
28 0.758658 0.418831 0.034632 0.153680
20 0.656926 0.424242 0.054113 0.134199
9 0.685065 0.625541 0.043290 0.142857
5 0.678571 0.892857 0.056277 0.145022
11 0.607684 0.599567 0.053030 0.142857
23 0.530844 0.701299 0.044372 0.138528
2 0.486472 0.862554 0.053030 0.140693
0 0.418831 0.666667 0.051948 0.151515
30 0.332792 0.681818 0.044372 0.142857
22 0.302489 0.888528 0.059524 0.127706
15 0.222403 0.767316 0.046537 0.140693
10 0.184524 0.557359 0.057359 0.136364
13 0.089827 0.599567 0.032468 0.147186
12 0.071970 0.863636 0.037879 0.138528
