2 0.094697 0.203463 0.089827 0.225108
29 0.041667 0.482684 0.055195 0.142857
26 0.056277 0.642857 0.038961 0.164502
1 0.078463 0.848485 0.074675 0.216450
4 0.139610 0.485931 0.114719 0.227273
30 0.144481 0.678571 0.053030 0.140693
18 0.238095 0.228355 0.106061 0.231602
17 0.245671 0.575758 0.075758 0.220779
11 0.229978 0.859307 0.100649 0.238095
6 0.370671 0.238095 0.098485 0.233766
10 0.378247 0.511905 0.107143 0.240260
5 0.391234 0.833333 0.104978 0.238095
20 0.523268 0.132035 0.096320 0.233766
28 0.460498 0.312771 0.040043 0.136364
13 0.522186 0.397186 0.050866 0.235931
21 0.507576 0.630952 0.086580 0.222944
23 0.488095 0.875541 0.058442 0.183983
19 0.588203 0.870130 0.091991 0.229437
14 0.725649 0.851732 0.100649 0.231602
22 0.632035 0.398268 0.097403 0.216450
9 0.634199 0.153680 0.075758 0.242424
7 0.762987 0.206710 0.071429 0.222944
15 0.741883 0.485931 0.085498 0.244589
25 0.818182 0.732684 0.051948 0.162338
27 0.821970 0.899351 0.059524 0.145022
8 0.888528 0.266234 0.086580 0.229437
12 0.863636 0.524892 0.067100 0.227273
0 0.906926 0.775974 0.084416 0.231602
24 0.945887 0.474026 0.060606 0.173160
