7 0.109848 0.212121 0.061688 0.173160
26 0.066017 0.529221 0.041126 0.188312
20 0.087121 0.892857 0.076840 0.175325
27 0.187229 0.885281 0.067100 0.173160
8 0.144481 0.573593 0.068182 0.177489
19 0.211039 0.115801 0.073593 0.170996
10 0.260281 0.419913 0.081169 0.177489
25 0.265693 0.614719 0.057359 0.181818
0 0.272727 0.826840 0.071429 0.181818
23 0.343074 0.221861 0.067100 0.183983
28 0.359848 0.437229 0.057359 0.190476
9 0.362013 0.652597 0.059524 0.188312
22 0.463203 0.166667 0.080087 0.181818
6 0.455087 0.476190 0.074675 0.186147
13 0.416667 0.890693 0.041126 0.179654
4 0.505952 0.825758 0.083333 0.179654
14 0.566558 0.243506 0.076840 0.183983
1 0.568182 0.535714 0.058442 0.162338
21 0.611472 0.757576 0.069264 0.190476
18 0.672078 0.213203 0.082251 0.175325
15 0.653680 0.481602 0.064935 0.188312
11 0.758658 0.593074 0.077922 0.186147
5 0.749459 0.809524 0.079004 0.181818
2 0.826299 0.111472 0.068182 0.179654
17 0.812229 0.301948 0.061688 0.170996
12 0.869589 0.770563 0.053030 0.173160
3 0.913961 0.109307 0.066017 0.175325
30 0.920455 0.298701 0.066017 0.186147
24 0.917208 0.494589 0.068182 0.192641
29 0.938853 0.685065 0.070346 0.175325
