2 0.141775 0.116883 0.060606 0.151515
19 0.088203 0.331169 0.061688 0.142857
8 0.134740 0.512987 0.057359 0.147186
28 0.095238 0.696970 0.047619 0.155844
17 0.084416 0.893939 0.047619 0.142857
0 0.220779 0.335498 0.058442 0.160173
14 0.225649 0.626623 0.066017 0.158009
21 0.174242 0.905844 0.058442 0.158009
24 0.281385 0.888528 0.054113 0.158009
10 0.356602 0.115801 0.072511 0.158009
9 0.345779 0.417749 0.048701 0.155844
25 0.402597 0.541126 0.047619 0.151515
4 0.382576 0.759740 0.070346 0.160173
20 0.465368 0.744589 0.062771 0.155844
7 0.457251 0.334416 0.048701 0.140693
18 0.548160 0.637446 0.070346 0.145022
29 0.605519 0.809524 0.059524 0.151515
13 0.583874 0.251082 0.037879 0.160173
30 0.647727 0.161255 0.055195 0.166667
11 0.661255 0.496753 0.062771 0.153680
6 0.694264 0.784632 0.059524 0.158009
12 0.792749 0.089827 0.048701 0.149351
23 0.766234 0.312771 0.056277 0.158009
5 0.778680 0.488095 0.070346 0.145022
3 0.813312 0.826840 0.063853 0.151515
15 0.911255 0.845238 0.056277 0.153680
1 0.915584 0.566017 0.051948 0.140693
27 0.873377 0.357143 0.056277 0.147186
26 0.939394 0.362554 0.036797 0.153680
22 0.942100 0.167749 0.068182 0.153680
