17 0.197511 0.199134 0.059524 0.147186
0 0.110931 0.308442 0.070346 0.175325
11 0.089286 0.538961 0.068182 0.160173
7 0.147186 0.767316 0.064935 0.162338
20 0.224567 0.852814 0.087662 0.168831
8 0.246753 0.468615 0.064935 0.162338
14 0.332251 0.231602 0.093074 0.164502
30 0.341991 0.488095 0.069264 0.179654
29 0.343074 0.665584 0.071429 0.175325
26 0.364177 0.866883 0.055195 0.183983
15 0.445346 0.667749 0.066017 0.175325
6 0.416667 0.380952 0.067100 0.155844
21 0.423160 0.199134 0.067100 0.190476
18 0.509740 0.126623 0.090909 0.170996
1 0.520563 0.433983 0.060606 0.158009
4 0.518398 0.844156 0.080087 0.164502
24 0.604978 0.109307 0.067100 0.166667
19 0.603355 0.530303 0.068182 0.151515
2 0.601732 0.764069 0.073593 0.168831
12 0.660173 0.287879 0.056277 0.155844
25 0.714286 0.101732 0.049784 0.168831
13 0.741342 0.261905 0.041126 0.155844
22 0.788961 0.477273 0.075758 0.166667
10 0.748377 0.650433 0.070346 0.166667
28 0.702922 0.824675 0.055195 0.168831
15 0.806277 0.099567 0.073593 0.181818
3 0.905844 0.150433 0.071429 0.179654
23 0.877165 0.347403 0.066017 0.162338
5 0.893398 0.532468 0.072511 0.164502
9 0.860390 0.801948 0.054113 0.196970
