0 0.122835 0.116883 0.079004 0.199134
7 0.069805 0.406926 0.070346 0.186147
25 0.073052 0.613636 0.059524 0.188312
13 0.085498 0.891775 0.043290 0.177489
15 0.202381 0.371212 0.073593 0.205628
12 0.205628 0.614719 0.056277 0.186147
23 0.213203 0.875541 0.067100 0.192641
2 0.292749 0.205628 0.074675 0.186147
22 0.330087 0.422078 0.086580 0.190476
29 0.291126 0.617965 0.077922 0.188312
5 0.391775 0.616883 0.084416 0.190476
20 0.323052 0.812771 0.076840 0.183983
27 0.416667 0.882035 0.073593 0.179654
3 0.514069 0.891775 0.075758 0.186147
26 0.608225 0.888528 0.043290 0.188312
28 0.528139 0.685065 0.051948 0.188312
14 0.499459 0.487013 0.083333 0.190476
8 0.435065 0.173160 0.077922 0.190476
9 0.576840 0.142857 0.060606 0.194805
17 0.627706 0.491342 0.064935 0.177489
4 0.689394 0.765152 0.090909 0.183983
18 0.712121 0.198052 0.093074 0.201299
24 0.719156 0.411255 0.068182 0.190476
11 0.819264 0.425325 0.084416 0.188312
30 0.787338 0.634199 0.068182 0.194805
21 0.813312 0.859307 0.081169 0.194805
1 0.904221 0.887446 0.066017 0.181818
10 0.877706 0.626623 0.088745 0.188312
6 0.844156 0.196970 0.080087 0.203463
19 0.936147 0.287879 0.077922 0.186147
