9 0.131494 0.188312 0.048701 0.155844
24 0.225108 0.129870 0.047619 0.155844
28 0.304654 0.145022 0.042208 0.160173
21 0.402597 0.228355 0.051948 0.158009
23 0.487013 0.091991 0.049784 0.158009
10 0.574134 0.167749 0.061688 0.149351
22 0.674242 0.128788 0.060606 0.145022
25 0.774351 0.166667 0.042208 0.151515
15 0.894481 0.194805 0.050866 0.155844
27 0.872294 0.359307 0.049784 0.138528
7 0.767316 0.365801 0.045455 0.142857
3 0.670996 0.323593 0.054113 0.153680
20 0.478896 0.329004 0.059524 0.142857
5 0.467532 0.555195 0.062771 0.149351
0 0.297619 0.399351 0.051948 0.158009
11 0.215368 0.316017 0.060606 0.155844
4 0.167749 0.498918 0.067100 0.145022
18 0.071429 0.496753 0.064935 0.153680
13 0.066017 0.843074 0.032468 0.153680
2 0.199134 0.827922 0.058442 0.149351
19 0.283009 0.572511 0.059524 0.145022
1 0.331169 0.858225 0.043290 0.140693
26 0.440476 0.744589 0.030303 0.155844
30 0.516775 0.770563 0.048701 0.160173
8 0.676407 0.546537 0.054113 0.149351
6 0.607684 0.769481 0.059524 0.149351
14 0.702381 0.825758 0.062771 0.153680
17 0.770022 0.696970 0.044372 0.142857
12 0.860931 0.740260 0.037879 0.147186
29 0.863095 0.908009 0.053030 0.145022
