7 0.094156 0.124459 0.064935 0.175325
29 0.055195 0.475108 0.071429 0.192641
21 0.088203 0.685065 0.074675 0.188312
27 0.091991 0.879870 0.069264 0.179654
2 0.216991 0.140693 0.072511 0.181818
5 0.162879 0.461039 0.079004 0.186147
25 0.179654 0.678571 0.056277 0.188312
12 0.227814 0.883117 0.059524 0.177489
17 0.312229 0.163420 0.063853 0.175325
10 0.289502 0.540043 0.094156 0.196970
24 0.324134 0.837662 0.066017 0.194805
26 0.437229 0.113636 0.043290 0.188312
6 0.430736 0.322511 0.077922 0.194805
15 0.408009 0.558442 0.069264 0.199134
13 0.408009 0.888528 0.043290 0.188312
22 0.547078 0.122294 0.085498 0.183983
28 0.536255 0.340909 0.053030 0.196970
19 0.498918 0.572511 0.075758 0.188312
14 0.516775 0.847403 0.081169 0.196970
0 0.667749 0.192641 0.073593 0.190476
4 0.632035 0.441558 0.088745 0.186147
1 0.626082 0.746753 0.066017 0.177489
3 0.715368 0.778139 0.073593 0.188312
9 0.803571 0.220779 0.063853 0.199134
18 0.802489 0.494589 0.091991 0.192641
11 0.848485 0.738095 0.082251 0.194805
8 0.913420 0.245671 0.071429 0.179654
20 0.932900 0.457792 0.077922 0.183983
30 0.944805 0.655844 0.069264 0.194805
23 0.937771 0.883117 0.066017 0.194805
