8 0.121753 0.108225 0.079004 0.177489
19 0.225649 0.178571 0.089827 0.209957
25 0.332792 0.130952 0.068182 0.214286
11 0.426407 0.192641 0.077922 0.225108
17 0.585498 0.191558 0.071429 0.196970
22 0.687771 0.106061 0.100649 0.203463
3 0.788420 0.133117 0.087662 0.192641
29 0.922078 0.172078 0.067100 0.222944
20 0.936688 0.374459 0.081169 0.194805
27 0.814935 0.325758 0.077922 0.188312
14 0.687771 0.358225 0.094156 0.192641
5 0.596320 0.400433 0.095238 0.207792
2 0.490260 0.443723 0.080087 0.220779
30 0.389069 0.487013 0.070346 0.216450
28 0.306818 0.343074 0.066017 0.209957
10 0.126623 0.299784 0.088745 0.196970
23 0.181277 0.650433 0.079004 0.214286
4 0.062771 0.758658 0.119048 0.209957
13 0.193182 0.849567 0.059524 0.192641
18 0.334416 0.680736 0.090909 0.201299
24 0.285714 0.878788 0.080087 0.207792
1 0.375000 0.878788 0.076840 0.190476
21 0.514069 0.660173 0.084416 0.207792
6 0.572511 0.876623 0.080087 0.194805
15 0.682900 0.568182 0.075758 0.188312
12 0.658009 0.849567 0.058442 0.201299
7 0.787338 0.530303 0.070346 0.194805
9 0.796537 0.742424 0.069264 0.194805
0 0.917208 0.630952 0.085498 0.214286
26 0.902597 0.877706 0.071429 0.214286
