21 0.054113 0.343074 0.058442 0.158009
10 0.048701 0.813853 0.064935 0.155844
12 0.159632 0.097403 0.044372 0.142857
3 0.128788 0.346320 0.056277 0.147186
24 0.128247 0.734848 0.057359 0.162338
14 0.243506 0.308442 0.064935 0.149351
30 0.211039 0.550866 0.051948 0.162338
0 0.235390 0.767316 0.055195 0.149351
9 0.339827 0.311688 0.047619 0.151515
11 0.358766 0.643939 0.061688 0.149351
22 0.310606 0.880952 0.064935 0.151515
29 0.454004 0.251082 0.061688 0.142857
1 0.416126 0.455628 0.046537 0.136364
18 0.457792 0.649351 0.067100 0.142857
27 0.419372 0.890693 0.055195 0.149351
17 0.505411 0.822511 0.051948 0.142857
8 0.582792 0.125541 0.053030 0.147186
6 0.551948 0.330087 0.060606 0.153680
4 0.603355 0.524892 0.070346 0.145022
28 0.619048 0.825758 0.045455 0.153680
20 0.669913 0.658009 0.060606 0.147186
25 0.674784 0.313853 0.046537 0.155844
7 0.824134 0.207792 0.048701 0.142857
2 0.784091 0.369048 0.055195 0.145022
23 0.788420 0.635281 0.053030 0.158009
19 0.942641 0.091991 0.060606 0.145022
15 0.896104 0.346320 0.051948 0.155844
5 0.866883 0.537879 0.064935 0.149351
26 0.917749 0.701299 0.032468 0.160173
13 0.851732 0.885281 0.034632 0.151515
