11 0.087121 0.253247 0.076840 0.181818
19 0.057900 0.448052 0.074675 0.173160
14 0.158550 0.432900 0.079004 0.177489
18 0.151515 0.652597 0.080087 0.175325
17 0.143939 0.839827 0.067100 0.168831
12 0.244589 0.846320 0.060606 0.190476
13 0.265693 0.582251 0.053030 0.177489
6 0.242965 0.126623 0.083333 0.183983
29 0.332792 0.163420 0.081169 0.175325
8 0.316558 0.366883 0.063853 0.170996
22 0.378247 0.678571 0.081169 0.170996
20 0.339286 0.883117 0.072511 0.168831
24 0.455087 0.884199 0.063853 0.179654
0 0.478355 0.673160 0.067100 0.173160
10 0.437229 0.489177 0.082251 0.177489
4 0.426948 0.294372 0.085498 0.168831
30 0.433983 0.100649 0.069264 0.188312
27 0.585498 0.107143 0.073593 0.170996
2 0.587662 0.349567 0.071429 0.179654
25 0.675866 0.135281 0.055195 0.183983
1 0.705087 0.470779 0.059524 0.175325
5 0.648810 0.695887 0.083333 0.175325
26 0.627165 0.893939 0.048701 0.186147
3 0.707251 0.893939 0.076840 0.173160
28 0.806818 0.860390 0.057359 0.188312
7 0.884740 0.837662 0.066017 0.177489
15 0.798701 0.546537 0.069264 0.188312
9 0.923701 0.547619 0.063853 0.194805
21 0.843074 0.322511 0.071429 0.199134
23 0.925325 0.260823 0.069264 0.188312
