11 0.084416 0.216450 0.108225 0.259740
20 0.223485 0.121212 0.122294 0.233766
29 0.173160 0.325758 0.069264 0.183983
13 0.124459 0.550866 0.067100 0.248918
12 0.121753 0.812771 0.068182 0.240260
3 0.251623 0.645022 0.098485 0.242424
19 0.227273 0.869048 0.097403 0.240260
6 0.280844 0.357143 0.104978 0.255411
15 0.402597 0.142857 0.103896 0.272727
4 0.425325 0.398268 0.114719 0.242424
26 0.350649 0.589827 0.045455 0.205628
0 0.432900 0.651515 0.095238 0.238095
21 0.337662 0.872294 0.090909 0.238095
23 0.478355 0.872294 0.082251 0.220779
23 0.528139 0.128788 0.108225 0.253247
8 0.575216 0.400433 0.085498 0.246753
28 0.535714 0.603896 0.060606 0.194805
5 0.595238 0.825758 0.106061 0.261905
2 0.695346 0.145022 0.102814 0.251082
18 0.689935 0.406926 0.104978 0.233766
30 0.645022 0.614719 0.062771 0.190476
7 0.734848 0.651515 0.093074 0.255411
24 0.701840 0.875541 0.070346 0.205628
25 0.802489 0.106061 0.057359 0.199134
1 0.795996 0.467532 0.083333 0.225108
17 0.797619 0.859307 0.080087 0.246753
10 0.886905 0.323593 0.120130 0.227273
9 0.889069 0.625541 0.079004 0.255411
22 0.930736 0.871212 0.106061 0.227273
27 0.939935 0.101732 0.083333 0.194805
