14 0.070346 0.284632 0.106061 0.231602
12 0.118506 0.603896 0.061688 0.216450
3 0.064935 0.843074 0.099567 0.227273
28 0.161797 0.866883 0.059524 0.188312
0 0.186147 0.222944 0.086580 0.216450
26 0.223485 0.431818 0.046537 0.192641
11 0.263528 0.642857 0.094156 0.220779
21 0.250000 0.869048 0.077922 0.227273
13 0.312229 0.199134 0.066017 0.225108
20 0.398268 0.135281 0.090909 0.222944
10 0.371212 0.422078 0.099567 0.212121
27 0.369048 0.625541 0.075758 0.173160
17 0.353355 0.836580 0.072511 0.209957
6 0.554113 0.152597 0.090909 0.222944
19 0.530303 0.403680 0.088745 0.222944
9 0.471320 0.640693 0.081169 0.229437
24 0.476190 0.874459 0.075758 0.225108
1 0.679654 0.189394 0.071429 0.209957
7 0.673160 0.413420 0.069264 0.216450
5 0.614177 0.754329 0.094156 0.227273
2 0.713203 0.642857 0.082251 0.216450
22 0.735390 0.871212 0.096320 0.214286
15 0.801948 0.143939 0.084416 0.222944
4 0.810606 0.383117 0.099567 0.220779
30 0.833333 0.896104 0.058442 0.181818
8 0.866342 0.676407 0.081169 0.214286
25 0.908550 0.886364 0.066017 0.196970
23 0.928571 0.122294 0.082251 0.222944
18 0.930195 0.350649 0.094156 0.216450
29 0.944264 0.546537 0.068182 0.162338
