28 0.058983 0.113636 0.059524 0.183983
30 0.152597 0.108225 0.101732 0.199134
4 0.305195 0.128788 0.121212 0.231602
5 0.423160 0.239177 0.101732 0.240260
12 0.526515 0.207792 0.068182 0.233766
25 0.609848 0.109307 0.070346 0.188312
27 0.726190 0.095238 0.093074 0.181818
7 0.838203 0.146104 0.089827 0.235931
20 0.930736 0.247835 0.093074 0.240260
23 0.052489 0.310606 0.079004 0.205628
1 0.154221 0.325758 0.085498 0.218615
21 0.315476 0.337662 0.085498 0.207792
19 0.542208 0.453463 0.097403 0.222944
24 0.643398 0.477273 0.059524 0.188312
17 0.736472 0.508658 0.072511 0.233766
2 0.862554 0.515152 0.103896 0.242424
26 0.950758 0.638528 0.040043 0.203463
10 0.889069 0.857143 0.109307 0.233766
13 0.742424 0.757576 0.058442 0.233766
8 0.606061 0.690476 0.101732 0.225108
29 0.636364 0.899351 0.082251 0.175325
0 0.425325 0.596320 0.106061 0.244589
15 0.499459 0.864719 0.083333 0.235931
14 0.371753 0.835498 0.109307 0.238095
6 0.274351 0.572511 0.100649 0.227273
11 0.207251 0.819264 0.091991 0.235931
9 0.085498 0.839827 0.084416 0.251082
18 0.091991 0.538961 0.123377 0.238095
