2 0.092532 0.152597 0.068182 0.170996
9 0.077381 0.445887 0.057359 0.177489
25 0.069805 0.649351 0.053030 0.173160
0 0.132035 0.841991 0.069264 0.177489
7 0.193723 0.327922 0.054113 0.162338
23 0.176948 0.503247 0.063853 0.175325
13 0.213203 0.798701 0.036797 0.168831
21 0.323052 0.106061 0.061688 0.181818
28 0.285714 0.301948 0.047619 0.175325
5 0.284091 0.525974 0.074675 0.164502
26 0.298160 0.796537 0.037879 0.177489
18 0.377706 0.496753 0.080087 0.170996
19 0.375541 0.852814 0.067100 0.164502
10 0.438312 0.281385 0.075758 0.168831
6 0.494589 0.515152 0.069264 0.177489
15 0.465368 0.849567 0.062771 0.179654
24 0.530303 0.136364 0.062771 0.177489
1 0.605519 0.382035 0.053030 0.158009
4 0.630411 0.617965 0.079004 0.162338
8 0.560606 0.791126 0.060606 0.166667
17 0.680736 0.887446 0.056277 0.160173
27 0.706710 0.219697 0.060606 0.162338
29 0.744589 0.430736 0.064935 0.164502
11 0.729978 0.617965 0.070346 0.162338
22 0.766775 0.796537 0.074675 0.168831
12 0.795996 0.227273 0.053030 0.173160
3 0.840368 0.516234 0.068182 0.175325
14 0.924784 0.844156 0.074675 0.186147
20 0.904762 0.109307 0.071429 0.166667
30 0.936688 0.428571 0.057359 0.181818
