30 0.096861 0.135281 0.055195 0.153680
29 0.062771 0.542208 0.056277 0.140693
11 0.049242 0.796537 0.061688 0.147186
28 0.227273 0.099567 0.045455 0.151515
6 0.170455 0.365801 0.061688 0.151515
20 0.150974 0.681818 0.063853 0.147186
24 0.168290 0.850649 0.050866 0.155844
15 0.323593 0.262987 0.051948 0.149351
14 0.301948 0.676407 0.064935 0.158009
1 0.442641 0.199134 0.045455 0.134199
23 0.417208 0.481602 0.055195 0.153680
3 0.409091 0.719697 0.060606 0.149351
9 0.349567 0.888528 0.049784 0.153680
18 0.523268 0.227273 0.068182 0.142857
8 0.524351 0.470779 0.053030 0.145022
4 0.513528 0.766234 0.068182 0.142857
12 0.587662 0.090909 0.043290 0.142857
7 0.594697 0.304113 0.048701 0.136364
17 0.618506 0.462121 0.050866 0.140693
27 0.610390 0.645022 0.054113 0.134199
19 0.589286 0.889610 0.061688 0.142857
22 0.711039 0.596320 0.064935 0.140693
0 0.693182 0.797619 0.055195 0.149351
2 0.764610 0.182900 0.055195 0.145022
21 0.905844 0.360390 0.054113 0.149351
5 0.841991 0.556277 0.064935 0.142857
26 0.798701 0.715368 0.032468 0.153680
25 0.859307 0.740260 0.047619 0.151515
13 0.952381 0.771645 0.036797 0.149351
10 0.791667 0.910173 0.063853 0.149351
