22 0.192641 0.149351 0.075758 0.160173
10 0.071429 0.438312 0.071429 0.158009
15 0.097944 0.694805 0.068182 0.173160
12 0.083333 0.904762 0.049784 0.151515
30 0.169372 0.876623 0.061688 0.164502
20 0.267316 0.773810 0.075758 0.162338
14 0.215909 0.543290 0.070346 0.151515
13 0.332251 0.632035 0.045455 0.155844
0 0.331710 0.360390 0.061688 0.153680
9 0.343074 0.134199 0.058442 0.168831
4 0.425866 0.346320 0.072511 0.155844
3 0.458333 0.557359 0.068182 0.158009
24 0.485390 0.769481 0.057359 0.166667
1 0.412879 0.902597 0.053030 0.147186
17 0.610931 0.887446 0.059524 0.142857
8 0.657468 0.647186 0.057359 0.164502
18 0.731602 0.807359 0.073593 0.155844
7 0.527056 0.502165 0.058442 0.151515
11 0.571429 0.091991 0.069264 0.162338
23 0.610390 0.304113 0.060606 0.170996
27 0.687771 0.246753 0.072511 0.147186
29 0.685065 0.428571 0.060606 0.147186
21 0.777597 0.283550 0.066017 0.164502
28 0.848485 0.139610 0.047619 0.166667
26 0.899351 0.137446 0.043290 0.183983
25 0.912879 0.417749 0.050866 0.177489
6 0.817100 0.495671 0.071429 0.160173
5 0.900974 0.659091 0.068182 0.175325
2 0.900974 0.900433 0.066017 0.151515
19 0.806277 0.740260 0.064935 0.155844
