7 0.077381 0.150433 0.081169 0.227273
18 0.076840 0.520563 0.099567 0.214286
13 0.100108 0.830087 0.053030 0.227273
1 0.228355 0.189394 0.093074 0.218615
25 0.182900 0.336580 0.067100 0.209957
3 0.205087 0.559524 0.091991 0.244589
20 0.189935 0.810606 0.098485 0.231602
5 0.300325 0.798701 0.107143 0.229437
9 0.315476 0.126623 0.100649 0.248918
12 0.338203 0.393939 0.079004 0.242424
28 0.431277 0.495671 0.057359 0.212121
14 0.424784 0.715368 0.104978 0.235931
15 0.482684 0.136364 0.095238 0.251082
8 0.515693 0.400433 0.094156 0.246753
23 0.527056 0.636364 0.080087 0.216450
22 0.555195 0.878788 0.101732 0.216450
17 0.599026 0.196970 0.085498 0.220779
24 0.620671 0.435065 0.074675 0.220779
10 0.641234 0.682900 0.102814 0.235931
27 0.655303 0.897186 0.068182 0.175325
19 0.712121 0.121212 0.103896 0.225108
11 0.724567 0.362554 0.096320 0.222944
29 0.741342 0.571429 0.086580 0.181818
4 0.770022 0.782468 0.104978 0.235931
6 0.826840 0.202381 0.103896 0.248918
0 0.849026 0.484848 0.087662 0.242424
2 0.888528 0.835498 0.097403 0.233766
21 0.936688 0.212121 0.096320 0.259740
26 0.946970 0.426407 0.054113 0.212121
30 0.940476 0.629870 0.080087 0.212121
