13 0.070887 0.196970 0.044372 0.190476
8 0.063853 0.542208 0.073593 0.188312
20 0.140693 0.890693 0.080087 0.188312
19 0.144481 0.329004 0.072511 0.181818
26 0.187771 0.535714 0.040043 0.192641
24 0.228896 0.124459 0.070346 0.188312
17 0.268398 0.523810 0.062771 0.177489
4 0.244048 0.772727 0.085498 0.181818
29 0.334416 0.109307 0.071429 0.179654
21 0.308983 0.307359 0.072511 0.194805
15 0.357143 0.705628 0.069264 0.194805
9 0.426948 0.123377 0.059524 0.194805
6 0.409632 0.417749 0.076840 0.190476
5 0.454545 0.626623 0.082251 0.188312
25 0.460498 0.890693 0.055195 0.188312
3 0.544913 0.116883 0.072511 0.186147
12 0.548160 0.345238 0.053030 0.179654
0 0.542749 0.630952 0.066017 0.183983
23 0.549242 0.836580 0.063853 0.196970
18 0.689394 0.179654 0.086580 0.194805
10 0.713203 0.392857 0.082251 0.188312
7 0.675325 0.721861 0.058442 0.188312
22 0.755411 0.863636 0.082251 0.181818
27 0.811147 0.364719 0.072511 0.175325
11 0.793290 0.641775 0.075758 0.188312
1 0.860390 0.220779 0.060606 0.181818
28 0.947511 0.123377 0.053030 0.199134
30 0.945346 0.374459 0.066017 0.199134
2 0.933983 0.599567 0.073593 0.186147
14 0.929113 0.800866 0.081169 0.199134
