11 0.114719 0.252165 0.093074 0.222944
3 0.087121 0.548701 0.087662 0.227273
12 0.079004 0.848485 0.064935 0.220779
20 0.237013 0.155844 0.090909 0.216450
5 0.240260 0.450216 0.093074 0.225108
18 0.190476 0.764069 0.097403 0.225108
2 0.296537 0.843074 0.084416 0.227273
15 0.354978 0.168831 0.077922 0.233766
21 0.358225 0.406926 0.084416 0.233766
27 0.351190 0.625541 0.068182 0.177489
22 0.404221 0.871212 0.100649 0.214286
29 0.508117 0.100649 0.070346 0.170996
6 0.503247 0.311688 0.090909 0.225108
8 0.458874 0.658009 0.084416 0.216450
24 0.510823 0.876623 0.075758 0.220779
28 0.556277 0.527056 0.051948 0.196970
17 0.623377 0.117965 0.073593 0.205628
9 0.639610 0.485931 0.075758 0.231602
7 0.617965 0.747835 0.069264 0.209957
19 0.757035 0.135281 0.085498 0.218615
1 0.745130 0.373377 0.070346 0.214286
25 0.732143 0.594156 0.059524 0.205628
14 0.731602 0.848485 0.095238 0.225108
0 0.864719 0.142857 0.077922 0.216450
4 0.862554 0.383117 0.101732 0.216450
10 0.840368 0.639610 0.094156 0.218615
23 0.838745 0.871212 0.077922 0.231602
30 0.948052 0.400433 0.058442 0.173160
26 0.949134 0.594156 0.041126 0.196970
13 0.930736 0.862554 0.054113 0.231602
