13 0.061688 0.284632 0.041126 0.179654
9 0.198593 0.221861 0.061688 0.192641
2 0.299242 0.120130 0.070346 0.183983
30 0.373377 0.225108 0.051948 0.173160
14 0.459957 0.166667 0.077922 0.186147
17 0.570346 0.127706 0.054113 0.173160
6 0.725108 0.257576 0.071429 0.186147
18 0.894481 0.192641 0.081169 0.181818
0 0.938312 0.448052 0.060606 0.181818
23 0.932359 0.656926 0.061688 0.192641
27 0.943182 0.892857 0.061688 0.166667
1 0.858766 0.769481 0.057359 0.170996
29 0.801948 0.899351 0.062771 0.166667
11 0.781385 0.532468 0.075758 0.186147
19 0.668831 0.533550 0.069264 0.188312
7 0.724567 0.794372 0.061688 0.173160
12 0.625541 0.775974 0.047619 0.183983
26 0.617424 0.331169 0.040043 0.194805
15 0.514610 0.439394 0.063853 0.194805
20 0.533009 0.682900 0.076840 0.188312
3 0.496212 0.884199 0.068182 0.183983
4 0.395022 0.779221 0.075758 0.177489
8 0.375541 0.415584 0.067100 0.177489
21 0.291667 0.713203 0.068182 0.188312
5 0.239719 0.482684 0.079004 0.181818
25 0.129870 0.440476 0.054113 0.188312
10 0.150433 0.667749 0.077922 0.179654
28 0.063312 0.626623 0.046537 0.179654
22 0.083333 0.880952 0.077922 0.177489
24 0.197511 0.875541 0.066017 0.188312
