11 0.061688 0.679654 0.073593 0.168831
24 0.060065 0.867965 0.068182 0.181818
25 0.114719 0.455628 0.054113 0.175325
14 0.105519 0.227273 0.072511 0.168831
15 0.195346 0.202381 0.068182 0.175325
9 0.278680 0.194805 0.066017 0.194805
29 0.196970 0.588745 0.062771 0.160173
7 0.178571 0.756494 0.054113 0.153680
22 0.265693 0.821429 0.079004 0.162338
2 0.308442 0.519481 0.075758 0.186147
1 0.376623 0.332251 0.060606 0.170996
8 0.392316 0.826840 0.066017 0.177489
28 0.479978 0.744589 0.048701 0.177489
26 0.424242 0.546537 0.045455 0.179654
5 0.470238 0.139610 0.074675 0.166667
19 0.521104 0.326840 0.068182 0.177489
0 0.602814 0.237013 0.073593 0.179654
12 0.494048 0.569264 0.046537 0.160173
18 0.602814 0.535714 0.080087 0.192641
3 0.558983 0.849567 0.070346 0.183983
17 0.633658 0.891775 0.057359 0.177489
13 0.688853 0.321429 0.055195 0.166667
10 0.727273 0.149351 0.075758 0.173160
27 0.741883 0.496753 0.068182 0.170996
6 0.751082 0.678571 0.067100 0.166667
21 0.832792 0.827922 0.066017 0.183983
30 0.911797 0.825758 0.068182 0.183983
23 0.940476 0.628788 0.064935 0.175325
20 0.859848 0.444805 0.068182 0.175325
4 0.884199 0.243506 0.082251 0.175325
