9 0.188853 0.113636 0.070346 0.188312
2 0.181277 0.293290 0.074675 0.166667
1 0.078463 0.346320 0.055195 0.147186
12 0.099567 0.510823 0.056277 0.155844
11 0.176407 0.577922 0.064935 0.160173
3 0.165584 0.825758 0.062771 0.149351
13 0.311147 0.098485 0.044372 0.149351
4 0.264069 0.494589 0.080087 0.153680
10 0.258658 0.730519 0.067100 0.153680
22 0.272186 0.908009 0.070346 0.153680
27 0.400974 0.200216 0.066017 0.166667
8 0.403139 0.376623 0.055195 0.138528
14 0.419913 0.559524 0.077922 0.162338
20 0.334957 0.791126 0.070346 0.158009
30 0.456169 0.730519 0.072511 0.170996
19 0.549784 0.811688 0.069264 0.177489
24 0.587662 0.630952 0.071429 0.175325
23 0.654762 0.871212 0.062771 0.162338
18 0.526515 0.186147 0.081169 0.142857
0 0.603355 0.238095 0.063853 0.155844
21 0.649351 0.488095 0.073593 0.158009
7 0.738095 0.717532 0.060606 0.158009
28 0.805736 0.816017 0.055195 0.177489
25 0.873377 0.856061 0.051948 0.149351
26 0.954004 0.774892 0.053030 0.155844
5 0.867424 0.574675 0.063853 0.149351
17 0.915584 0.370130 0.054113 0.142857
15 0.819264 0.303030 0.062771 0.160173
29 0.748377 0.128788 0.055195 0.153680
6 0.877706 0.158009 0.067100 0.194805
