10 0.064935 0.143939 0.064935 0.149351
28 0.082251 0.498918 0.041126 0.158009
29 0.056818 0.673160 0.059524 0.138528
19 0.158009 0.433983 0.058442 0.140693
0 0.163420 0.625541 0.051948 0.147186
8 0.170455 0.877706 0.055195 0.149351
12 0.226190 0.435065 0.045455 0.151515
14 0.278139 0.243506 0.067100 0.149351
21 0.321429 0.536797 0.056277 0.155844
15 0.278680 0.737013 0.053030 0.158009
5 0.392857 0.746753 0.062771 0.151515
30 0.375541 0.089827 0.054113 0.149351
13 0.407468 0.255411 0.035714 0.147186
27 0.423701 0.525974 0.053030 0.142857
22 0.493506 0.324675 0.067100 0.147186
11 0.510281 0.569264 0.061688 0.147186
20 0.512446 0.911255 0.063853 0.142857
7 0.521104 0.162338 0.048701 0.142857
26 0.584957 0.306277 0.035714 0.158009
6 0.642857 0.213203 0.060606 0.149351
4 0.632576 0.553030 0.066017 0.140693
25 0.716991 0.324675 0.042208 0.142857
2 0.759199 0.608225 0.057359 0.142857
9 0.695887 0.825758 0.049784 0.153680
1 0.796537 0.201299 0.051948 0.142857
23 0.830087 0.711039 0.051948 0.158009
24 0.795996 0.883117 0.050866 0.155844
18 0.920455 0.242424 0.063853 0.147186
3 0.931818 0.483766 0.056277 0.153680
17 0.943182 0.878788 0.053030 0.147186
