27 0.063312 0.102814 0.072511 0.183983
29 0.050325 0.321429 0.070346 0.175325
17 0.053571 0.524892 0.076840 0.214286
11 0.098485 0.791126 0.095238 0.235931
3 0.151515 0.265152 0.086580 0.227273
1 0.195346 0.506494 0.074675 0.216450
24 0.196970 0.872294 0.077922 0.225108
15 0.267316 0.248918 0.080087 0.238095
30 0.283550 0.629870 0.062771 0.181818
12 0.294913 0.843074 0.063853 0.218615
7 0.379329 0.237013 0.074675 0.222944
4 0.367424 0.582251 0.109307 0.216450
18 0.410173 0.863636 0.106061 0.225108
20 0.507035 0.132035 0.094156 0.220779
10 0.528680 0.376623 0.098485 0.229437
0 0.521104 0.650433 0.081169 0.227273
22 0.550325 0.880952 0.100649 0.220779
14 0.640693 0.200216 0.101732 0.231602
23 0.633117 0.436147 0.077922 0.227273
19 0.641775 0.677489 0.088745 0.216450
28 0.667208 0.889610 0.055195 0.186147
6 0.758658 0.176407 0.093074 0.235931
5 0.750000 0.464286 0.097403 0.235931
13 0.745671 0.792208 0.049784 0.238095
8 0.894481 0.141775 0.085498 0.227273
9 0.878788 0.380952 0.077922 0.242424
2 0.844156 0.638528 0.088745 0.220779
25 0.830087 0.867965 0.064935 0.216450
26 0.949134 0.616883 0.043290 0.194805
21 0.936147 0.841991 0.086580 0.233766
