15 0.135281 0.268398 0.075758 0.207792
9 0.079545 0.495671 0.072511 0.194805
7 0.106602 0.676407 0.070346 0.166667
17 0.047619 0.897186 0.069264 0.166667
18 0.139069 0.847403 0.083333 0.175325
3 0.197511 0.587662 0.072511 0.179654
6 0.251082 0.899351 0.082251 0.183983
14 0.346320 0.779221 0.077922 0.164502
27 0.327922 0.518398 0.075758 0.175325
30 0.261905 0.343074 0.069264 0.196970
0 0.260281 0.145022 0.072511 0.186147
11 0.353355 0.199134 0.081169 0.190476
28 0.444264 0.468615 0.070346 0.188312
5 0.479978 0.677489 0.083333 0.203463
12 0.495671 0.879870 0.067100 0.162338
1 0.531926 0.153680 0.081169 0.173160
22 0.540043 0.401515 0.093074 0.175325
19 0.576299 0.573593 0.076840 0.151515
23 0.604437 0.792208 0.063853 0.212121
4 0.625000 0.227273 0.087662 0.155844
21 0.734848 0.096320 0.067100 0.170996
24 0.768939 0.422078 0.070346 0.177489
20 0.692641 0.543290 0.069264 0.168831
8 0.821429 0.685065 0.064935 0.175325
10 0.782468 0.884199 0.090909 0.175325
25 0.886364 0.136364 0.056277 0.177489
29 0.873377 0.336580 0.071429 0.175325
2 0.904762 0.577922 0.082251 0.194805
13 0.949675 0.809524 0.044372 0.199134
26 0.873377 0.880952 0.058442 0.194805
