18 0.080628 0.120130 0.100649 0.222944
21 0.073052 0.367965 0.079004 0.233766
9 0.097403 0.660173 0.071429 0.225108
25 0.093074 0.880952 0.058442 0.199134
27 0.185606 0.098485 0.072511 0.170996
3 0.180736 0.309524 0.086580 0.216450
19 0.194805 0.580087 0.090909 0.212121
15 0.205628 0.841991 0.077922 0.225108
8 0.314394 0.147186 0.081169 0.216450
12 0.313853 0.485931 0.062771 0.218615
5 0.311147 0.755411 0.096320 0.225108
30 0.403139 0.088745 0.053030 0.160173
1 0.415043 0.277056 0.070346 0.207792
20 0.416126 0.556277 0.091991 0.220779
24 0.416667 0.873377 0.075758 0.222944
29 0.476732 0.095238 0.061688 0.155844
13 0.550866 0.147186 0.049784 0.212121
10 0.528680 0.377706 0.096320 0.218615
26 0.539502 0.589827 0.044372 0.192641
11 0.522727 0.810606 0.093074 0.218615
28 0.629870 0.180736 0.049784 0.175325
17 0.652056 0.385281 0.079004 0.203463
0 0.676407 0.752165 0.080087 0.222944
2 0.715368 0.160173 0.082251 0.216450
14 0.778139 0.537879 0.093074 0.235931
22 0.778680 0.861472 0.096320 0.212121
23 0.814394 0.230519 0.076840 0.222944
4 0.885823 0.466450 0.100649 0.205628
6 0.891775 0.741342 0.088745 0.218615
7 0.915584 0.209957 0.069264 0.207792
