22 0.117965 0.227273 0.077922 0.168831
27 0.073593 0.420996 0.071429 0.162338
0 0.082251 0.667749 0.071429 0.175325
18 0.100108 0.858225 0.083333 0.183983
21 0.202922 0.397186 0.072511 0.188312
13 0.227814 0.679654 0.055195 0.177489
24 0.247835 0.888528 0.071429 0.188312
6 0.294372 0.150433 0.073593 0.175325
26 0.299242 0.337662 0.050866 0.194805
9 0.324675 0.546537 0.064935 0.183983
20 0.346861 0.800866 0.074675 0.173160
2 0.411255 0.172078 0.064935 0.170996
12 0.418831 0.640693 0.058442 0.173160
29 0.430195 0.867965 0.070346 0.173160
4 0.492424 0.432900 0.080087 0.168831
3 0.523268 0.809524 0.076840 0.177489
14 0.562229 0.151515 0.079004 0.173160
28 0.652597 0.147186 0.054113 0.186147
7 0.629329 0.482684 0.061688 0.164502
11 0.644481 0.820346 0.074675 0.173160
17 0.698593 0.594156 0.059524 0.162338
1 0.733225 0.181818 0.063853 0.164502
19 0.734307 0.395022 0.066017 0.170996
15 0.741883 0.811688 0.074675 0.190476
25 0.827922 0.404762 0.062771 0.177489
10 0.806818 0.609307 0.074675 0.179654
23 0.884740 0.226190 0.066017 0.183983
30 0.937229 0.419913 0.058442 0.186147
5 0.917749 0.691558 0.080087 0.166667
8 0.860931 0.899351 0.063853 0.175325
