23 0.126623 0.139610 0.067100 0.192641
12 0.107684 0.365801 0.053030 0.186147
13 0.101190 0.707792 0.044372 0.181818
29 0.071429 0.896104 0.069264 0.181818
7 0.215368 0.280303 0.058442 0.179654
19 0.194264 0.471861 0.076840 0.181818
25 0.175325 0.667749 0.058442 0.183983
21 0.183983 0.872294 0.067100 0.190476
9 0.265693 0.792208 0.063853 0.186147
5 0.293831 0.492424 0.079004 0.183983
18 0.308983 0.191558 0.085498 0.192641
26 0.417749 0.641775 0.043290 0.192641
22 0.484307 0.127706 0.083333 0.186147
3 0.465368 0.380952 0.075758 0.181818
4 0.508658 0.715368 0.086580 0.170996
0 0.608766 0.634199 0.066017 0.186147
15 0.624459 0.884199 0.069264 0.196970
17 0.595238 0.354978 0.064935 0.177489
24 0.584416 0.143939 0.069264 0.192641
14 0.688312 0.110390 0.080087 0.186147
10 0.734848 0.398268 0.082251 0.190476
11 0.763528 0.696970 0.076840 0.186147
27 0.732684 0.889610 0.069264 0.173160
8 0.855519 0.111472 0.072511 0.179654
6 0.882035 0.310606 0.073593 0.183983
30 0.834957 0.503247 0.063853 0.192641
1 0.923701 0.662338 0.059524 0.168831
20 0.925325 0.891775 0.075758 0.181818
28 0.949675 0.110390 0.055195 0.190476
2 0.367965 0.873377 0.073593 0.183983
