22 0.070887 0.167749 0.094156 0.196970
14 0.062229 0.397186 0.091991 0.209957
23 0.067641 0.730519 0.079004 0.214286
10 0.225108 0.190476 0.103896 0.216450
8 0.177489 0.429654 0.077922 0.201299
2 0.165043 0.740260 0.081169 0.203463
30 0.267857 0.576840 0.068182 0.214286
28 0.248377 0.864719 0.066017 0.218615
11 0.393939 0.196970 0.108225 0.216450
5 0.341450 0.402597 0.094156 0.199134
4 0.452922 0.544372 0.098485 0.196970
18 0.343615 0.788961 0.109307 0.201299
24 0.443182 0.798701 0.074675 0.220779
19 0.522727 0.115801 0.101732 0.201299
25 0.535173 0.335498 0.074675 0.212121
0 0.547619 0.551948 0.073593 0.207792
1 0.544372 0.752165 0.075758 0.192641
21 0.675866 0.125541 0.089827 0.216450
9 0.632576 0.365801 0.074675 0.225108
26 0.668831 0.599567 0.060606 0.220779
7 0.656926 0.799784 0.062771 0.188312
12 0.787879 0.156926 0.064935 0.192641
6 0.787879 0.416667 0.095238 0.231602
17 0.750000 0.673160 0.071429 0.177489
13 0.849026 0.635281 0.050866 0.205628
27 0.810065 0.866883 0.079004 0.183983
3 0.905844 0.262987 0.082251 0.201299
29 0.928571 0.451299 0.084416 0.196970
20 0.941558 0.666667 0.086580 0.190476
15 0.903680 0.864719 0.071429 0.201299
