2 0.086039 0.146104 0.079004 0.188312
19 0.079545 0.426407 0.083333 0.199134
3 0.118506 0.643939 0.076840 0.192641
20 0.081169 0.884199 0.080087 0.196970
9 0.228896 0.232684 0.068182 0.205628
22 0.184524 0.455628 0.089827 0.192641
23 0.198593 0.837662 0.066017 0.207792
1 0.285173 0.470779 0.070346 0.188312
15 0.340368 0.225108 0.076840 0.207792
4 0.308983 0.735931 0.089827 0.199134
18 0.418290 0.837662 0.096320 0.199134
26 0.432900 0.136364 0.045455 0.194805
28 0.432900 0.338745 0.056277 0.188312
13 0.427489 0.543290 0.049784 0.194805
14 0.509740 0.649351 0.088745 0.194805
10 0.522727 0.247835 0.090909 0.201299
29 0.506494 0.448052 0.064935 0.164502
30 0.602273 0.443723 0.072511 0.203463
7 0.600649 0.891775 0.062771 0.194805
8 0.675866 0.635281 0.076840 0.201299
27 0.687229 0.111472 0.075758 0.179654
6 0.676948 0.307359 0.079004 0.199134
0 0.712662 0.871212 0.074675 0.209957
11 0.787338 0.284632 0.083333 0.201299
5 0.827381 0.606061 0.087662 0.199134
24 0.831710 0.832251 0.072511 0.209957
25 0.877165 0.111472 0.063853 0.183983
12 0.880411 0.314935 0.061688 0.196970
21 0.929113 0.557359 0.085498 0.214286
17 0.927489 0.768398 0.071429 0.194805
