2 0.082251 0.169913 0.069264 0.175325
29 0.169372 0.122294 0.068182 0.175325
14 0.136905 0.375541 0.079004 0.179654
7 0.048701 0.500000 0.067100 0.181818
10 0.071429 0.727273 0.077922 0.199134
21 0.173160 0.850649 0.080087 0.199134
9 0.215909 0.567100 0.057359 0.194805
5 0.314935 0.727273 0.086580 0.173160
11 0.343074 0.500000 0.075758 0.190476
6 0.315476 0.208874 0.074675 0.183983
13 0.439394 0.560606 0.058442 0.190476
18 0.445346 0.787879 0.087662 0.186147
26 0.516234 0.538961 0.058442 0.194805
17 0.481602 0.218615 0.069264 0.186147
19 0.590909 0.119048 0.071429 0.177489
22 0.581710 0.332251 0.087662 0.175325
4 0.683983 0.489177 0.088745 0.177489
0 0.611472 0.701299 0.077922 0.190476
23 0.705087 0.678571 0.074675 0.188312
27 0.724567 0.888528 0.083333 0.183983
12 0.811147 0.788961 0.066017 0.188312
25 0.818723 0.558442 0.059524 0.181818
28 0.737013 0.299784 0.051948 0.188312
8 0.683442 0.108225 0.072511 0.181818
15 0.827381 0.345238 0.076840 0.196970
20 0.833874 0.135281 0.081169 0.175325
30 0.944264 0.110390 0.074675 0.186147
24 0.929654 0.340909 0.075758 0.192641
1 0.926407 0.597403 0.064935 0.190476
3 0.923701 0.869048 0.079004 0.196970
