29 0.054654 0.177489 0.066017 0.164502
9 0.132576 0.255411 0.063853 0.177489
17 0.106602 0.492424 0.066017 0.166667
26 0.079004 0.883117 0.054113 0.177489
21 0.280303 0.138528 0.071429 0.181818
25 0.225649 0.372294 0.061688 0.181818
23 0.172078 0.627706 0.058442 0.164502
20 0.175866 0.823593 0.072511 0.158009
18 0.325216 0.331169 0.076840 0.164502
15 0.284091 0.545455 0.059524 0.168831
24 0.258117 0.823593 0.068182 0.175325
1 0.446429 0.104978 0.063853 0.175325
8 0.393939 0.602814 0.069264 0.170996
4 0.377165 0.903680 0.085498 0.158009
30 0.474567 0.675325 0.070346 0.181818
2 0.524351 0.428571 0.070346 0.164502
5 0.577922 0.215368 0.075758 0.170996
27 0.556277 0.615801 0.069264 0.166667
11 0.575758 0.848485 0.075758 0.173160
19 0.676407 0.373377 0.069264 0.170996
12 0.760823 0.217532 0.060606 0.175325
22 0.843615 0.122294 0.076840 0.179654
28 0.932900 0.109307 0.049784 0.179654
0 0.946970 0.333333 0.062771 0.177489
10 0.859307 0.384199 0.075758 0.175325
3 0.734307 0.569264 0.074675 0.190476
14 0.716991 0.785714 0.079004 0.181818
7 0.809524 0.884199 0.058442 0.175325
6 0.884740 0.729437 0.074675 0.177489
13 0.911255 0.904762 0.043290 0.164502
