17 0.067100 0.162338 0.051948 0.138528
8 0.067641 0.487013 0.050866 0.142857
28 0.081710 0.777056 0.044372 0.151515
23 0.168290 0.800866 0.057359 0.151515
19 0.246212 0.901515 0.063853 0.145022
4 0.202381 0.598485 0.069264 0.140693
18 0.155844 0.119048 0.069264 0.147186
29 0.192100 0.307359 0.055195 0.142857
11 0.281385 0.270563 0.062771 0.147186
1 0.317100 0.719697 0.047619 0.136364
22 0.363095 0.316017 0.066017 0.138528
3 0.384740 0.857143 0.055195 0.142857
0 0.430195 0.651515 0.053030 0.142857
15 0.465909 0.174242 0.053030 0.149351
10 0.543290 0.096320 0.064935 0.145022
5 0.544913 0.464286 0.063853 0.145022
12 0.510281 0.766234 0.044372 0.142857
14 0.590368 0.849567 0.061688 0.158009
25 0.591991 0.636364 0.045455 0.142857
9 0.680736 0.726190 0.051948 0.149351
30 0.627706 0.294372 0.054113 0.155844
26 0.698593 0.412338 0.033550 0.145022
7 0.700216 0.200216 0.047619 0.145022
27 0.804113 0.344156 0.056277 0.147186
2 0.783550 0.576840 0.056277 0.149351
20 0.818182 0.901515 0.060606 0.145022
13 0.929654 0.893939 0.032468 0.147186
21 0.918831 0.693723 0.056277 0.153680
24 0.904221 0.501082 0.055195 0.162338
6 0.897727 0.115801 0.061688 0.149351
