29 0.051948 0.148268 0.069264 0.175325
20 0.153139 0.130952 0.083333 0.196970
10 0.128247 0.360390 0.089827 0.205628
0 0.135281 0.616883 0.073593 0.203463
22 0.076840 0.830087 0.090909 0.201299
26 0.231602 0.622294 0.038961 0.188312
13 0.181818 0.834416 0.045455 0.201299
15 0.254329 0.153680 0.073593 0.216450
21 0.243506 0.401515 0.075758 0.214286
24 0.362554 0.110390 0.069264 0.203463
1 0.382576 0.317100 0.068182 0.183983
30 0.338203 0.448052 0.066017 0.173160
4 0.326299 0.637446 0.094156 0.201299
19 0.321970 0.848485 0.081169 0.194805
28 0.431818 0.888528 0.054113 0.192641
5 0.483225 0.132035 0.089827 0.203463
18 0.530303 0.413420 0.093074 0.212121
11 0.478355 0.692641 0.086580 0.203463
17 0.583333 0.145022 0.067100 0.194805
3 0.643939 0.361472 0.080087 0.203463
2 0.615801 0.698052 0.077922 0.205628
27 0.587662 0.896104 0.067100 0.177489
7 0.704545 0.136364 0.062771 0.190476
14 0.769481 0.357143 0.088745 0.203463
23 0.825216 0.573593 0.074675 0.207792
8 0.740801 0.737013 0.076840 0.205628
6 0.862554 0.163420 0.082251 0.209957
9 0.927489 0.391775 0.067100 0.212121
25 0.933442 0.602814 0.066017 0.192641
12 0.889610 0.806277 0.060606 0.196970
