14 0.077381 0.136364 0.096320 0.203463
2 0.127165 0.451299 0.079004 0.209957
21 0.095238 0.665584 0.086580 0.209957
20 0.117424 0.890693 0.083333 0.196970
17 0.211039 0.889610 0.069264 0.186147
8 0.212662 0.627706 0.074675 0.194805
25 0.228896 0.418831 0.059524 0.196970
1 0.239719 0.221861 0.072511 0.183983
11 0.376623 0.150433 0.082251 0.205628
27 0.354437 0.358225 0.076840 0.183983
6 0.325758 0.562771 0.077922 0.203463
5 0.372294 0.883117 0.095238 0.212121
26 0.478355 0.205628 0.045455 0.199134
15 0.455087 0.437229 0.076840 0.207792
18 0.436147 0.668831 0.093074 0.199134
28 0.472944 0.887446 0.054113 0.186147
12 0.536255 0.703463 0.057359 0.199134
29 0.604437 0.896104 0.068182 0.181818
13 0.550866 0.137446 0.051948 0.201299
30 0.620130 0.209957 0.060606 0.173160
3 0.582251 0.440476 0.077922 0.205628
22 0.680736 0.495671 0.088745 0.199134
19 0.701840 0.268398 0.076840 0.194805
10 0.699134 0.726190 0.088745 0.201299
23 0.791667 0.837662 0.070346 0.199134
4 0.885823 0.792208 0.096320 0.190476
0 0.811147 0.509740 0.072511 0.201299
9 0.919372 0.437229 0.068182 0.212121
7 0.853896 0.196970 0.062771 0.203463
24 0.939935 0.182900 0.076840 0.205628
