30 0.053030 0.194805 0.064935 0.173160
15 0.073593 0.520563 0.086580 0.222944
18 0.108766 0.812771 0.104978 0.209957
9 0.130411 0.141775 0.076840 0.231602
8 0.166667 0.384199 0.082251 0.214286
19 0.270022 0.124459 0.091991 0.214286
21 0.272186 0.446970 0.087662 0.231602
11 0.220238 0.713203 0.089827 0.222944
25 0.295996 0.892857 0.057359 0.188312
26 0.366342 0.128788 0.042208 0.188312
5 0.373918 0.378788 0.100649 0.212121
3 0.385281 0.753247 0.082251 0.229437
1 0.446429 0.188312 0.068182 0.212121
24 0.449675 0.587662 0.068182 0.201299
27 0.475649 0.898268 0.072511 0.173160
17 0.548160 0.239177 0.081169 0.209957
2 0.549242 0.547619 0.083333 0.216450
14 0.560065 0.771645 0.098485 0.214286
6 0.685606 0.183983 0.083333 0.220779
20 0.688312 0.408009 0.086580 0.214286
0 0.695887 0.624459 0.084416 0.214286
29 0.652597 0.885281 0.064935 0.168831
4 0.739719 0.846320 0.096320 0.212121
22 0.786797 0.126623 0.095238 0.201299
7 0.879870 0.191558 0.064935 0.218615
12 0.810065 0.467532 0.068182 0.225108
28 0.843615 0.677489 0.048701 0.177489
23 0.825216 0.876623 0.070346 0.203463
10 0.933442 0.721861 0.096320 0.222944
13 0.906926 0.482684 0.056277 0.212121
