3 0.067100 0.169913 0.064935 0.153680
21 0.088203 0.383117 0.059524 0.164502
19 0.045455 0.660173 0.062771 0.151515
0 0.124459 0.848485 0.058442 0.155844
20 0.166667 0.202381 0.060606 0.149351
4 0.192641 0.458874 0.071429 0.147186
30 0.256494 0.103896 0.056277 0.164502
9 0.245130 0.284632 0.057359 0.149351
15 0.246753 0.665584 0.056277 0.166667
27 0.337662 0.518398 0.064935 0.145022
1 0.316558 0.720779 0.050866 0.138528
18 0.452381 0.084416 0.071429 0.147186
24 0.471861 0.278139 0.067100 0.158009
5 0.485390 0.476190 0.066017 0.151515
11 0.415043 0.805195 0.063853 0.168831
7 0.529221 0.817100 0.056277 0.145022
10 0.576299 0.298701 0.066017 0.147186
13 0.608766 0.108225 0.048701 0.151515
28 0.590368 0.660173 0.046537 0.160173
17 0.673701 0.262987 0.055195 0.140693
26 0.678030 0.496753 0.040043 0.162338
12 0.660173 0.653680 0.045455 0.138528
14 0.673160 0.845238 0.064935 0.153680
29 0.788961 0.607143 0.056277 0.158009
2 0.826840 0.415584 0.060606 0.147186
23 0.809524 0.783550 0.056277 0.160173
22 0.936688 0.134199 0.066017 0.155844
25 0.933442 0.398268 0.048701 0.155844
8 0.941017 0.580087 0.050866 0.151515
6 0.963745 0.764069 0.059524 0.155844
