20 0.080087 0.311688 0.069264 0.168831
25 0.056277 0.677489 0.056277 0.173160
22 0.053030 0.876623 0.073593 0.173160
28 0.212121 0.109307 0.049784 0.170996
30 0.169372 0.416667 0.057359 0.179654
5 0.190476 0.608225 0.071429 0.164502
17 0.207251 0.844156 0.057359 0.155844
18 0.262987 0.297619 0.075758 0.170996
8 0.351190 0.672078 0.063853 0.166667
26 0.336580 0.873377 0.038961 0.179654
2 0.375000 0.251082 0.061688 0.168831
24 0.383117 0.443723 0.058442 0.177489
29 0.425866 0.817100 0.063853 0.162338
14 0.474026 0.198052 0.073593 0.170996
13 0.472944 0.422078 0.038961 0.164502
7 0.500000 0.615801 0.054113 0.162338
0 0.546537 0.869048 0.062771 0.166667
11 0.580087 0.665584 0.069264 0.166667
4 0.571970 0.231602 0.079004 0.164502
15 0.628247 0.433983 0.059524 0.179654
19 0.668831 0.752165 0.067100 0.166667
21 0.663420 0.180736 0.064935 0.179654
10 0.754329 0.329004 0.073593 0.168831
6 0.779221 0.143939 0.069264 0.175325
9 0.803030 0.632035 0.056277 0.177489
27 0.820346 0.884199 0.060606 0.166667
1 0.900433 0.885281 0.056277 0.160173
12 0.868506 0.535714 0.048701 0.170996
3 0.871212 0.253247 0.064935 0.173160
23 0.932359 0.096320 0.059524 0.166667
