19 0.079545 0.112554 0.076840 0.181818
20 0.069805 0.467532 0.076840 0.186147
27 0.103896 0.653680 0.069264 0.173160
4 0.126623 0.840909 0.086580 0.179654
28 0.182359 0.117965 0.057359 0.188312
2 0.186688 0.320346 0.068182 0.181818
6 0.227273 0.647186 0.077922 0.190476
15 0.239177 0.879870 0.067100 0.192641
12 0.274351 0.177489 0.053030 0.181818
9 0.318723 0.445887 0.066017 0.194805
29 0.314394 0.664502 0.072511 0.177489
7 0.332792 0.870130 0.059524 0.181818
26 0.374459 0.185065 0.038961 0.196970
8 0.408550 0.654762 0.070346 0.183983
22 0.425866 0.856061 0.087662 0.188312
25 0.466991 0.106061 0.057359 0.181818
17 0.454545 0.299784 0.064935 0.175325
13 0.593615 0.172078 0.046537 0.183983
3 0.563853 0.431818 0.073593 0.188312
10 0.581169 0.713203 0.084416 0.179654
0 0.659091 0.468615 0.067100 0.188312
1 0.668290 0.838745 0.059524 0.175325
14 0.752165 0.268398 0.077922 0.190476
5 0.817100 0.517316 0.082251 0.181818
21 0.780303 0.816017 0.073593 0.194805
11 0.891775 0.840909 0.075758 0.192641
30 0.842532 0.112554 0.063853 0.199134
18 0.931277 0.230519 0.083333 0.188312
24 0.923160 0.431818 0.067100 0.196970
23 0.915043 0.636364 0.066017 0.190476
