17 0.056818 0.196970 0.070346 0.216450
5 0.218074 0.199134 0.081169 0.207792
29 0.312771 0.214286 0.073593 0.194805
4 0.400974 0.183983 0.089827 0.216450
24 0.501082 0.130952 0.067100 0.218615
10 0.619048 0.162338 0.099567 0.220779
18 0.752165 0.218615 0.095238 0.233766
22 0.912879 0.109307 0.109307 0.209957
14 0.135281 0.483766 0.101732 0.209957
21 0.253788 0.429654 0.089827 0.227273
9 0.354978 0.561688 0.062771 0.240260
23 0.457792 0.388528 0.067100 0.201299
0 0.580087 0.390693 0.071429 0.205628
12 0.744048 0.481602 0.055195 0.188312
1 0.864177 0.331169 0.076840 0.190476
28 0.951299 0.349567 0.051948 0.201299
19 0.063853 0.800866 0.080087 0.216450
13 0.206169 0.664502 0.061688 0.207792
26 0.212121 0.889610 0.051948 0.220779
11 0.332792 0.809524 0.087662 0.225108
25 0.439935 0.877706 0.076840 0.218615
2 0.543831 0.818182 0.100649 0.242424
6 0.458874 0.603896 0.095238 0.212121
7 0.624459 0.588745 0.073593 0.199134
27 0.719697 0.668831 0.082251 0.199134
15 0.688853 0.880952 0.091991 0.207792
20 0.814394 0.737013 0.089827 0.218615
8 0.857684 0.527056 0.074675 0.214286
30 0.950758 0.546537 0.059524 0.201299
3 0.938312 0.779221 0.082251 0.216450
