7 0.088203 0.121212 0.083333 0.216450
25 0.060065 0.344156 0.053030 0.203463
17 0.092532 0.561688 0.074675 0.201299
9 0.061147 0.860390 0.081169 0.235931
19 0.230519 0.128788 0.095238 0.222944
8 0.206169 0.367965 0.089827 0.233766
29 0.258658 0.573593 0.067100 0.168831
13 0.194805 0.746753 0.051948 0.238095
6 0.316558 0.853896 0.102814 0.235931
2 0.356061 0.608225 0.075758 0.203463
5 0.343074 0.337662 0.101732 0.225108
24 0.336039 0.115801 0.076840 0.209957
21 0.483766 0.134199 0.088745 0.233766
20 0.469697 0.419913 0.095238 0.220779
10 0.459957 0.738095 0.110390 0.220779
3 0.593074 0.251082 0.086580 0.225108
26 0.580628 0.497835 0.048701 0.207792
12 0.576840 0.729437 0.062771 0.212121
28 0.693182 0.114719 0.066017 0.194805
1 0.666667 0.484848 0.086580 0.216450
30 0.643939 0.638528 0.054113 0.173160
15 0.693723 0.846320 0.084416 0.242424
0 0.783009 0.170996 0.089827 0.229437
18 0.774892 0.424242 0.103896 0.216450
27 0.809524 0.638528 0.080087 0.203463
11 0.801407 0.861472 0.096320 0.229437
14 0.887446 0.209957 0.099567 0.238095
23 0.898810 0.436147 0.085498 0.209957
4 0.933442 0.654762 0.107143 0.218615
22 0.920996 0.878788 0.103896 0.225108
