30 0.049242 0.142857 0.063853 0.173160
9 0.121212 0.222944 0.051948 0.177489
10 0.189394 0.095238 0.084416 0.173160
13 0.199134 0.361472 0.060606 0.168831
5 0.063853 0.570346 0.071429 0.153680
28 0.056818 0.798701 0.050866 0.177489
26 0.134199 0.743506 0.058442 0.162338
14 0.231602 0.791126 0.073593 0.153680
8 0.210498 0.623377 0.072511 0.147186
4 0.304654 0.246753 0.074675 0.177489
25 0.424242 0.103896 0.051948 0.160173
21 0.392857 0.296537 0.064935 0.177489
11 0.505411 0.320346 0.082251 0.173160
0 0.383117 0.569264 0.058442 0.168831
22 0.474567 0.502165 0.087662 0.155844
18 0.571429 0.468615 0.086580 0.158009
2 0.587121 0.743506 0.072511 0.170996
6 0.449675 0.877706 0.070346 0.179654
1 0.623377 0.268398 0.062771 0.164502
7 0.755411 0.166667 0.069264 0.177489
20 0.724026 0.487013 0.073593 0.160173
12 0.709416 0.673160 0.063853 0.160173
19 0.730519 0.851732 0.067100 0.170996
15 0.854978 0.225108 0.069264 0.173160
24 0.863636 0.442641 0.060606 0.170996
17 0.854978 0.675325 0.056277 0.155844
27 0.841991 0.892857 0.077922 0.175325
3 0.933442 0.247835 0.068182 0.170996
23 0.939394 0.558442 0.064935 0.190476
29 0.933983 0.888528 0.062771 0.170996
