12 0.116883 0.128788 0.062771 0.196970
29 0.075758 0.321429 0.073593 0.175325
7 0.098485 0.514069 0.064935 0.201299
13 0.091991 0.804113 0.056277 0.209957
30 0.202381 0.101732 0.080087 0.181818
24 0.187771 0.303030 0.070346 0.203463
1 0.199134 0.783550 0.073593 0.194805
11 0.246753 0.531385 0.090909 0.214286
8 0.286255 0.266234 0.083333 0.203463
9 0.347403 0.498918 0.077922 0.231602
20 0.304113 0.743506 0.093074 0.196970
15 0.391234 0.124459 0.087662 0.218615
0 0.497294 0.377706 0.085498 0.214286
21 0.492965 0.596320 0.091991 0.218615
6 0.436688 0.824675 0.089827 0.212121
22 0.541667 0.883117 0.091991 0.207792
3 0.561147 0.124459 0.083333 0.205628
10 0.623377 0.360390 0.090909 0.214286
2 0.621212 0.696970 0.075758 0.207792
27 0.652597 0.897186 0.077922 0.175325
25 0.665043 0.106061 0.063853 0.199134
4 0.716991 0.312771 0.096320 0.201299
28 0.755411 0.107143 0.051948 0.201299
26 0.817100 0.109307 0.049784 0.201299
5 0.912879 0.268398 0.096320 0.207792
14 0.806277 0.470779 0.099567 0.209957
23 0.713203 0.650433 0.077922 0.227273
17 0.891775 0.648268 0.077922 0.201299
19 0.862554 0.857143 0.080087 0.212121
18 0.761364 0.862554 0.094156 0.205628
