8 0.114719 0.117965 0.060606 0.153680
2 0.103896 0.370130 0.064935 0.147186
23 0.086039 0.553030 0.059524 0.166667
6 0.163961 0.734848 0.061688 0.162338
27 0.242424 0.809524 0.058442 0.147186
13 0.254870 0.227273 0.033550 0.155844
9 0.235390 0.516234 0.055195 0.153680
22 0.351190 0.819264 0.068182 0.145022
0 0.332251 0.390693 0.054113 0.153680
7 0.417749 0.130952 0.049784 0.149351
25 0.409632 0.347403 0.048701 0.158009
29 0.382576 0.571429 0.057359 0.147186
26 0.470238 0.525974 0.033550 0.160173
5 0.465909 0.725108 0.066017 0.142857
21 0.497835 0.246753 0.056277 0.164502
19 0.624459 0.084416 0.062771 0.142857
18 0.623377 0.266234 0.069264 0.151515
11 0.608766 0.438312 0.061688 0.149351
4 0.624459 0.624459 0.071429 0.145022
20 0.601190 0.824675 0.063853 0.147186
28 0.687229 0.859307 0.043290 0.164502
10 0.722944 0.341991 0.067100 0.155844
24 0.800866 0.188312 0.051948 0.160173
14 0.795455 0.511905 0.064935 0.158009
3 0.777597 0.745671 0.063853 0.153680
15 0.948052 0.138528 0.054113 0.160173
12 0.890152 0.370130 0.046537 0.155844
1 0.860390 0.685065 0.047619 0.145022
30 0.931818 0.645022 0.054113 0.160173
17 0.902056 0.854978 0.050866 0.147186
