26 0.107143 0.272727 0.036797 0.173160
11 0.091450 0.666667 0.070346 0.164502
24 0.117424 0.866883 0.053030 0.162338
4 0.186688 0.251082 0.072511 0.155844
6 0.201840 0.551948 0.063853 0.164502
13 0.189935 0.807359 0.037879 0.160173
25 0.287338 0.371212 0.050866 0.158009
1 0.318723 0.137446 0.050866 0.153680
7 0.299784 0.622294 0.051948 0.158009
27 0.397727 0.113636 0.063853 0.158009
14 0.385823 0.510823 0.070346 0.164502
10 0.365260 0.853896 0.070346 0.162338
30 0.458333 0.676407 0.055195 0.170996
12 0.496212 0.862554 0.046537 0.153680
18 0.500541 0.192641 0.074675 0.160173
28 0.501623 0.370130 0.046537 0.160173
2 0.602814 0.391775 0.062771 0.155844
8 0.609307 0.670996 0.062771 0.160173
5 0.672078 0.878788 0.069264 0.155844
15 0.659632 0.155844 0.055195 0.168831
0 0.701840 0.379870 0.057359 0.162338
19 0.731061 0.635281 0.066017 0.162338
20 0.801948 0.756494 0.064935 0.162338
17 0.886905 0.859307 0.053030 0.147186
21 0.738636 0.113636 0.057359 0.166667
29 0.823052 0.094156 0.061688 0.149351
9 0.831710 0.270563 0.053030 0.164502
3 0.945346 0.258658 0.061688 0.170996
23 0.903680 0.436147 0.060606 0.166667
22 0.908550 0.617965 0.070346 0.158009
