17 0.038961 0.154762 0.051948 0.140693
8 0.146104 0.292208 0.071429 0.155844
21 0.237554 0.202381 0.059524 0.188312
13 0.364719 0.100649 0.041126 0.153680
15 0.570346 0.173160 0.058442 0.168831
4 0.666667 0.206710 0.082251 0.183983
11 0.831710 0.124459 0.057359 0.153680
29 0.952381 0.243506 0.051948 0.149351
25 0.091991 0.505411 0.043290 0.149351
0 0.164502 0.549784 0.058442 0.186147
10 0.290584 0.405844 0.063853 0.158009
20 0.398268 0.393939 0.062771 0.164502
22 0.515152 0.374459 0.067100 0.155844
9 0.606061 0.384199 0.054113 0.170996
6 0.737554 0.468615 0.063853 0.158009
5 0.857143 0.385281 0.069264 0.155844
26 0.951299 0.469697 0.041126 0.151515
28 0.890693 0.632035 0.056277 0.173160
3 0.819805 0.692641 0.068182 0.173160
12 0.903139 0.809524 0.059524 0.155844
2 0.630411 0.913420 0.063853 0.142857
24 0.680736 0.615801 0.062771 0.158009
7 0.502706 0.885281 0.066017 0.147186
1 0.452922 0.613636 0.059524 0.153680
19 0.372294 0.623377 0.060606 0.142857
14 0.302489 0.617965 0.068182 0.158009
23 0.320346 0.901515 0.051948 0.153680
27 0.248918 0.875541 0.060606 0.158009
18 0.172619 0.884199 0.083333 0.170996
30 0.064935 0.869048 0.062771 0.183983
