26 0.093074 0.110390 0.034632 0.194805
24 0.068723 0.306277 0.057359 0.183983
29 0.051948 0.497835 0.058442 0.155844
22 0.073052 0.839827 0.072511 0.168831
8 0.176948 0.264069 0.063853 0.173160
2 0.144481 0.613636 0.063853 0.166667
30 0.227814 0.458874 0.055195 0.177489
17 0.185606 0.835498 0.055195 0.164502
10 0.315476 0.576840 0.072511 0.170996
18 0.320346 0.892857 0.073593 0.166667
13 0.304113 0.221861 0.036797 0.175325
3 0.412338 0.261905 0.064935 0.173160
25 0.435606 0.493506 0.048701 0.168831
6 0.445887 0.729437 0.069264 0.177489
4 0.562229 0.535714 0.074675 0.170996
27 0.474026 0.107143 0.062771 0.158009
9 0.563312 0.186147 0.055195 0.186147
21 0.672619 0.113636 0.061688 0.183983
14 0.665584 0.453463 0.075758 0.179654
23 0.755952 0.136364 0.063853 0.199134
12 0.751082 0.334416 0.045455 0.170996
11 0.875000 0.191558 0.072511 0.192641
28 0.842532 0.404762 0.050866 0.177489
15 0.918290 0.537879 0.059524 0.188312
1 0.811147 0.625541 0.050866 0.168831
20 0.925325 0.764069 0.067100 0.181818
7 0.833874 0.811688 0.055195 0.181818
5 0.714827 0.656926 0.070346 0.179654
0 0.601732 0.866883 0.060606 0.179654
19 0.712121 0.884199 0.064935 0.175325
