25 0.062229 0.109307 0.059524 0.192641
8 0.098485 0.319264 0.080087 0.218615
26 0.064935 0.522727 0.041126 0.201299
13 0.077922 0.740260 0.047619 0.216450
29 0.145563 0.102814 0.068182 0.183983
3 0.216450 0.257576 0.080087 0.212121
5 0.232143 0.591991 0.100649 0.227273
9 0.233766 0.820346 0.071429 0.225108
30 0.283550 0.102814 0.062771 0.183983
22 0.334416 0.601732 0.086580 0.194805
19 0.327922 0.812771 0.082251 0.209957
17 0.377706 0.115801 0.077922 0.201299
4 0.393939 0.386364 0.095238 0.205628
0 0.429654 0.706710 0.073593 0.214286
27 0.474026 0.106061 0.069264 0.181818
1 0.490801 0.306277 0.068182 0.205628
20 0.519481 0.522727 0.086580 0.205628
21 0.530844 0.769481 0.074675 0.209957
23 0.568723 0.212121 0.068182 0.207792
10 0.628247 0.583333 0.096320 0.222944
12 0.610390 0.867965 0.062771 0.207792
11 0.675866 0.205628 0.091991 0.220779
15 0.747294 0.603896 0.074675 0.229437
14 0.731602 0.847403 0.093074 0.222944
6 0.785714 0.310606 0.088745 0.222944
2 0.909091 0.267316 0.082251 0.214286
28 0.948593 0.494589 0.055195 0.201299
7 0.856602 0.642857 0.070346 0.207792
18 0.883658 0.872294 0.100649 0.216450
