29 0.055736 0.104978 0.074675 0.175325
1 0.126623 0.287879 0.069264 0.173160
4 0.116342 0.502165 0.091991 0.181818
12 0.046537 0.731602 0.058442 0.173160
19 0.139069 0.810606 0.076840 0.179654
17 0.213745 0.651515 0.063853 0.181818
26 0.230519 0.344156 0.049784 0.194805
18 0.248377 0.116883 0.087662 0.190476
22 0.365801 0.178571 0.086580 0.183983
13 0.304113 0.433983 0.049784 0.183983
24 0.347944 0.634199 0.068182 0.194805
0 0.415043 0.825758 0.074675 0.183983
2 0.443723 0.475108 0.069264 0.192641
10 0.524892 0.590909 0.084416 0.190476
28 0.510823 0.848485 0.060606 0.199134
8 0.595779 0.862554 0.074675 0.196970
9 0.502706 0.133117 0.068182 0.209957
25 0.573052 0.301948 0.059524 0.183983
30 0.587662 0.106061 0.069264 0.190476
15 0.666667 0.275974 0.071429 0.201299
5 0.666667 0.520563 0.088745 0.188312
6 0.713745 0.876623 0.074675 0.194805
23 0.819805 0.767316 0.068182 0.192641
27 0.901515 0.896104 0.067100 0.173160
11 0.786255 0.426407 0.076840 0.190476
3 0.757035 0.154762 0.070346 0.201299
7 0.883117 0.107143 0.071429 0.188312
21 0.925866 0.326840 0.074675 0.194805
14 0.916667 0.562771 0.086580 0.190476
20 0.262446 0.845238 0.079004 0.183983
