6 0.160173 0.186147 0.088745 0.186147
19 0.079545 0.406926 0.081169 0.181818
24 0.079004 0.709957 0.069264 0.186147
11 0.193182 0.680736 0.083333 0.179654
7 0.176407 0.878788 0.058442 0.168831
12 0.160173 0.410173 0.047619 0.166667
3 0.265152 0.325758 0.080087 0.162338
17 0.310606 0.123377 0.067100 0.134199
22 0.296537 0.515152 0.086580 0.164502
4 0.313853 0.683983 0.082251 0.160173
21 0.401515 0.544372 0.075758 0.166667
28 0.416126 0.827922 0.055195 0.183983
5 0.448593 0.161255 0.081169 0.183983
29 0.476190 0.354978 0.086580 0.164502
2 0.593074 0.370130 0.073593 0.177489
26 0.554113 0.664502 0.047619 0.173160
10 0.504329 0.883117 0.088745 0.181818
20 0.643398 0.869048 0.079004 0.192641
13 0.633117 0.639610 0.047619 0.166667
8 0.725649 0.095238 0.057359 0.155844
15 0.734848 0.384199 0.062771 0.179654
14 0.740801 0.587662 0.085498 0.158009
23 0.785173 0.852814 0.061688 0.177489
1 0.784091 0.255411 0.055195 0.155844
25 0.849026 0.176407 0.053030 0.166667
9 0.883117 0.392857 0.060606 0.166667
0 0.867965 0.705628 0.051948 0.173160
30 0.935606 0.877706 0.070346 0.188312
27 0.939394 0.645022 0.064935 0.164502
18 0.944805 0.091991 0.080087 0.166667
