7 0.103355 0.186147 0.068182 0.199134
8 0.225649 0.159091 0.079004 0.222944
27 0.175325 0.346320 0.073593 0.190476
4 0.119048 0.555195 0.099567 0.240260
20 0.116342 0.844156 0.104978 0.216450
9 0.265152 0.519481 0.071429 0.233766
14 0.258117 0.817100 0.091991 0.214286
5 0.365801 0.278139 0.108225 0.222944
12 0.365801 0.490260 0.064935 0.196970
17 0.353896 0.758658 0.080087 0.209957
29 0.433983 0.634199 0.069264 0.186147
26 0.436688 0.883117 0.042208 0.199134
19 0.477273 0.112554 0.093074 0.199134
11 0.478355 0.344156 0.095238 0.212121
6 0.528680 0.630952 0.094156 0.231602
21 0.520563 0.853896 0.088745 0.231602
30 0.563853 0.400433 0.084416 0.203463
1 0.629329 0.127706 0.074675 0.194805
0 0.643398 0.383117 0.081169 0.220779
13 0.625000 0.730519 0.070346 0.214286
23 0.729437 0.418831 0.077922 0.218615
2 0.733766 0.712121 0.086580 0.229437
28 0.700758 0.900433 0.063853 0.181818
3 0.767316 0.209957 0.084416 0.229437
18 0.834416 0.517316 0.097403 0.212121
25 0.811147 0.884199 0.074675 0.209957
15 0.897186 0.799784 0.080087 0.218615
24 0.936147 0.583333 0.073593 0.209957
22 0.936688 0.382035 0.107143 0.218615
10 0.874459 0.168831 0.099567 0.207792
