10 0.060065 0.116883 0.079004 0.164502
2 0.058442 0.384199 0.062771 0.166667
22 0.173160 0.112554 0.073593 0.160173
7 0.155844 0.347403 0.051948 0.166667
12 0.054113 0.645022 0.049784 0.151515
15 0.097403 0.897186 0.064935 0.166667
25 0.266775 0.169913 0.057359 0.166667
17 0.257035 0.537879 0.057359 0.153680
20 0.191558 0.645022 0.069264 0.155844
23 0.238095 0.888528 0.060606 0.166667
1 0.344697 0.247835 0.057359 0.153680
8 0.396104 0.561688 0.062771 0.158009
0 0.351732 0.824675 0.058442 0.173160
5 0.521104 0.127706 0.070346 0.155844
26 0.443182 0.773810 0.042208 0.162338
13 0.524892 0.594156 0.045455 0.162338
21 0.557900 0.808442 0.063853 0.179654
18 0.653680 0.179654 0.075758 0.160173
24 0.618506 0.396104 0.063853 0.173160
14 0.647186 0.573593 0.071429 0.164502
28 0.659091 0.783550 0.051948 0.164502
6 0.739719 0.163420 0.072511 0.162338
4 0.939935 0.115801 0.072511 0.158009
30 0.738095 0.542208 0.062771 0.175325
27 0.751082 0.712121 0.060606 0.151515
19 0.878247 0.308442 0.066017 0.158009
3 0.822511 0.455628 0.062771 0.158009
9 0.934524 0.540043 0.063853 0.158009
29 0.927489 0.721861 0.062771 0.149351
11 0.893939 0.905844 0.071429 0.162338
