24 0.057359 0.113636 0.073593 0.209957
11 0.066558 0.333333 0.098485 0.233766
26 0.064935 0.558442 0.062771 0.207792
22 0.067100 0.870130 0.103896 0.216450
20 0.174242 0.122294 0.103896 0.205628
21 0.183983 0.419913 0.090909 0.259740
3 0.158550 0.664502 0.091991 0.229437
23 0.169372 0.882035 0.081169 0.205628
7 0.274351 0.260823 0.072511 0.222944
30 0.286255 0.476190 0.091991 0.199134
19 0.261905 0.678571 0.106061 0.222944
27 0.276515 0.891775 0.087662 0.207792
0 0.403680 0.173160 0.088745 0.238095
10 0.379329 0.474026 0.104978 0.242424
6 0.382576 0.781385 0.107143 0.246753
18 0.529762 0.205628 0.109307 0.246753
12 0.503788 0.523810 0.061688 0.225108
17 0.495671 0.777056 0.082251 0.229437
2 0.653139 0.190476 0.089827 0.233766
1 0.628247 0.516234 0.079004 0.218615
9 0.620130 0.769481 0.082251 0.253247
14 0.733766 0.432900 0.101732 0.242424
4 0.773268 0.683983 0.100649 0.238095
25 0.713745 0.885281 0.063853 0.212121
8 0.765693 0.183983 0.091991 0.255411
15 0.901515 0.162338 0.084416 0.246753
29 0.834416 0.418831 0.080087 0.192641
13 0.915584 0.490260 0.064935 0.244589
5 0.918290 0.732684 0.117965 0.270563
28 0.827922 0.885281 0.088745 0.212121
