10 0.090909 0.193723 0.075758 0.166667
7 0.097944 0.566017 0.055195 0.162338
8 0.134199 0.748918 0.060606 0.168831
30 0.178571 0.103896 0.060606 0.177489
6 0.189394 0.341991 0.067100 0.168831
12 0.227814 0.685065 0.048701 0.166667
28 0.255411 0.877706 0.049784 0.170996
26 0.273810 0.475108 0.041126 0.179654
24 0.281926 0.225108 0.059524 0.173160
22 0.332251 0.761905 0.075758 0.164502
11 0.377165 0.345238 0.070346 0.170996
29 0.404221 0.141775 0.066017 0.149351
3 0.420455 0.610390 0.070346 0.177489
27 0.421537 0.809524 0.063853 0.155844
9 0.456710 0.383117 0.058442 0.173160
4 0.524351 0.765152 0.079004 0.158009
5 0.501082 0.151515 0.071429 0.164502
2 0.599026 0.215368 0.061688 0.158009
20 0.564935 0.521645 0.067100 0.164502
15 0.658009 0.818182 0.064935 0.190476
17 0.673160 0.497835 0.056277 0.160173
1 0.710498 0.312771 0.055195 0.162338
19 0.731602 0.107143 0.067100 0.158009
13 0.830628 0.205628 0.042208 0.173160
25 0.943182 0.214286 0.053030 0.177489
18 0.918831 0.404762 0.075758 0.173160
14 0.830628 0.541126 0.070346 0.173160
21 0.778680 0.765152 0.063853 0.179654
0 0.855519 0.739177 0.059524 0.175325
23 0.933983 0.728355 0.060606 0.179654
