17 0.114719 0.215368 0.077922 0.158009
26 0.061147 0.431818 0.042208 0.158009
15 0.081710 0.626623 0.068182 0.149351
24 0.044913 0.910173 0.063853 0.162338
12 0.158009 0.396104 0.062771 0.142857
24 0.164502 0.603896 0.064935 0.160173
6 0.137987 0.875541 0.072511 0.145022
5 0.268398 0.275974 0.071429 0.136364
25 0.299242 0.517316 0.046537 0.147186
1 0.270563 0.780303 0.054113 0.140693
22 0.389069 0.240260 0.074675 0.151515
30 0.368506 0.478355 0.053030 0.168831
7 0.372294 0.731602 0.051948 0.129870
29 0.463745 0.185065 0.063853 0.149351
9 0.489719 0.398268 0.050866 0.147186
18 0.461580 0.571429 0.068182 0.160173
11 0.558983 0.679654 0.072511 0.155844
23 0.492424 0.821429 0.062771 0.166667
8 0.568182 0.151515 0.062771 0.164502
3 0.634740 0.266234 0.057359 0.160173
4 0.667749 0.512987 0.075758 0.151515
10 0.673160 0.809524 0.077922 0.155844
20 0.722944 0.333333 0.067100 0.147186
21 0.795455 0.222944 0.067100 0.160173
27 0.842532 0.462121 0.063853 0.136364
2 0.817100 0.614719 0.062771 0.155844
0 0.798701 0.785714 0.060606 0.151515
13 0.943182 0.764069 0.046537 0.168831
28 0.929113 0.534632 0.050866 0.151515
19 0.926407 0.132035 0.077922 0.129870
