30 0.091991 0.115801 0.071429 0.205628
9 0.127165 0.331169 0.070346 0.207792
21 0.072511 0.656926 0.080087 0.218615
17 0.182359 0.126623 0.072511 0.192641
0 0.160173 0.587662 0.075758 0.205628
19 0.147727 0.878788 0.079004 0.199134
4 0.272727 0.353896 0.093074 0.192641
11 0.330087 0.122294 0.088745 0.201299
24 0.258658 0.591991 0.075758 0.209957
12 0.246212 0.835498 0.061688 0.190476
20 0.368506 0.495671 0.085498 0.199134
10 0.359307 0.724026 0.095238 0.201299
3 0.441017 0.264069 0.085498 0.220779
29 0.468615 0.467532 0.086580 0.186147
8 0.471320 0.673160 0.072511 0.194805
25 0.495671 0.879870 0.064935 0.201299
18 0.552489 0.214286 0.094156 0.199134
7 0.590368 0.466450 0.070346 0.192641
28 0.666667 0.115801 0.058442 0.222944
26 0.745130 0.121212 0.046537 0.207792
1 0.707251 0.331169 0.072511 0.186147
27 0.681277 0.534632 0.083333 0.194805
6 0.642857 0.755411 0.090909 0.203463
5 0.851732 0.186147 0.095238 0.207792
22 0.798701 0.404762 0.090909 0.194805
14 0.912879 0.396104 0.096320 0.207792
13 0.777056 0.609307 0.056277 0.205628
2 0.931277 0.682900 0.079004 0.196970
15 0.758658 0.880952 0.082251 0.212121
23 0.847403 0.865801 0.071429 0.216450
