12 0.125000 0.124459 0.048701 0.158009
17 0.069264 0.298701 0.054113 0.151515
8 0.055195 0.632035 0.060606 0.160173
9 0.094697 0.879870 0.050866 0.166667
23 0.261364 0.286797 0.059524 0.166667
18 0.233766 0.507576 0.073593 0.153680
3 0.206710 0.761905 0.060606 0.155844
1 0.350108 0.091991 0.050866 0.149351
0 0.325758 0.717532 0.058442 0.166667
30 0.295996 0.905844 0.061688 0.166667
24 0.389069 0.272727 0.055195 0.164502
6 0.370671 0.456710 0.063853 0.160173
7 0.451840 0.646104 0.050866 0.153680
10 0.405303 0.869048 0.068182 0.162338
29 0.485931 0.126623 0.058442 0.149351
2 0.518939 0.322511 0.059524 0.155844
27 0.535714 0.829004 0.056277 0.155844
26 0.570346 0.554113 0.036797 0.164502
22 0.625541 0.170996 0.069264 0.155844
5 0.649892 0.664502 0.068182 0.155844
25 0.630952 0.877706 0.051948 0.158009
20 0.771104 0.104978 0.066017 0.153680
13 0.759740 0.275974 0.038961 0.162338
15 0.712662 0.490260 0.059524 0.166667
14 0.799242 0.572511 0.070346 0.166667
11 0.747294 0.807359 0.070346 0.155844
21 0.843615 0.812771 0.061688 0.166667
4 0.879870 0.215368 0.075758 0.158009
19 0.946429 0.425325 0.063853 0.153680
28 0.921537 0.685065 0.046537 0.170996
