27 0.095238 0.098485 0.073593 0.183983
8 0.138528 0.294372 0.073593 0.199134
25 0.060065 0.466450 0.066017 0.205628
26 0.067641 0.675325 0.057359 0.212121
0 0.155844 0.646104 0.080087 0.222944
13 0.072511 0.879870 0.056277 0.196970
17 0.229437 0.865801 0.071429 0.199134
12 0.236472 0.549784 0.057359 0.203463
30 0.229978 0.321429 0.070346 0.209957
28 0.226732 0.107143 0.066017 0.205628
5 0.316017 0.138528 0.088745 0.207792
23 0.316558 0.375541 0.074675 0.209957
18 0.330628 0.614719 0.091991 0.199134
22 0.350108 0.829004 0.087662 0.203463
29 0.404221 0.241342 0.070346 0.201299
4 0.446970 0.504329 0.093074 0.203463
14 0.465909 0.775974 0.098485 0.201299
1 0.488636 0.192641 0.072511 0.212121
20 0.577381 0.247835 0.085498 0.209957
9 0.556277 0.559524 0.071429 0.218615
10 0.590368 0.834416 0.085498 0.209957
6 0.666126 0.471861 0.083333 0.212121
11 0.678030 0.173160 0.087662 0.220779
24 0.770022 0.258658 0.076840 0.218615
19 0.871212 0.238095 0.080087 0.203463
3 0.799784 0.521645 0.084416 0.207792
15 0.900974 0.529221 0.070346 0.214286
2 0.910173 0.775974 0.075758 0.201299
21 0.820887 0.840909 0.083333 0.205628
7 0.729437 0.850649 0.064935 0.199134
