25 0.057359 0.380952 0.062771 0.186147
27 0.055736 0.677489 0.070346 0.177489
20 0.073052 0.883117 0.085498 0.207792
10 0.133658 0.179654 0.087662 0.207792
3 0.147186 0.535714 0.082251 0.214286
13 0.156926 0.831169 0.047619 0.212121
11 0.252706 0.186147 0.087662 0.203463
28 0.213203 0.378788 0.049784 0.177489
23 0.235931 0.734848 0.071429 0.218615
1 0.305736 0.494589 0.068182 0.201299
9 0.383117 0.120130 0.069264 0.209957
19 0.391775 0.346320 0.080087 0.203463
14 0.351190 0.768398 0.089827 0.212121
5 0.454545 0.593074 0.093074 0.207792
26 0.456710 0.851732 0.043290 0.196970
22 0.477273 0.128788 0.095238 0.205628
24 0.511364 0.340909 0.072511 0.218615
7 0.563312 0.550866 0.068182 0.196970
18 0.549242 0.861472 0.096320 0.212121
4 0.611472 0.284632 0.095238 0.196970
30 0.707792 0.290043 0.058442 0.177489
21 0.698052 0.493506 0.082251 0.216450
8 0.714827 0.770563 0.076840 0.203463
12 0.777597 0.140693 0.059524 0.203463
0 0.798160 0.435065 0.074675 0.207792
15 0.822511 0.735931 0.073593 0.216450
17 0.887446 0.284632 0.067100 0.196970
2 0.909632 0.563853 0.076840 0.214286
6 0.936147 0.865801 0.082251 0.212121
29 0.932900 0.095238 0.067100 0.164502
