28 0.076299 0.181818 0.057359 0.177489
24 0.057359 0.390693 0.067100 0.188312
7 0.070887 0.579004 0.055195 0.175325
25 0.068723 0.793290 0.057359 0.175325
13 0.179654 0.226190 0.047619 0.175325
17 0.160173 0.531385 0.060606 0.175325
14 0.161797 0.816017 0.079004 0.186147
2 0.269481 0.191558 0.067100 0.175325
1 0.254870 0.717532 0.057359 0.162338
30 0.380411 0.110390 0.063853 0.186147
22 0.328463 0.521645 0.081169 0.173160
8 0.343615 0.808442 0.061688 0.170996
26 0.449675 0.807359 0.035714 0.173160
4 0.473485 0.163420 0.079004 0.162338
15 0.386364 0.326840 0.067100 0.186147
18 0.500541 0.451299 0.079004 0.179654
19 0.532468 0.701299 0.069264 0.164502
3 0.626623 0.143939 0.067100 0.170996
21 0.593074 0.346320 0.069264 0.177489
0 0.629329 0.678571 0.068182 0.175325
12 0.620130 0.893939 0.054113 0.168831
23 0.708333 0.177489 0.061688 0.181818
5 0.708874 0.453463 0.084416 0.175325
10 0.716450 0.695887 0.080087 0.175325
9 0.804113 0.255411 0.054113 0.186147
11 0.872835 0.556277 0.076840 0.181818
6 0.864177 0.779221 0.070346 0.177489
20 0.920455 0.179654 0.070346 0.173160
27 0.939394 0.372294 0.069264 0.177489
