28 0.068182 0.175325 0.073593 0.186147
4 0.088745 0.415584 0.077922 0.177489
11 0.123377 0.596320 0.075758 0.175325
25 0.061147 0.767316 0.070346 0.175325
9 0.193182 0.816017 0.063853 0.151515
3 0.149892 0.203463 0.076840 0.177489
22 0.281385 0.153680 0.082251 0.168831
27 0.278139 0.316017 0.071429 0.164502
30 0.367424 0.245671 0.061688 0.183983
12 0.338745 0.468615 0.049784 0.162338
26 0.337662 0.660173 0.047619 0.168831
8 0.310606 0.859307 0.084416 0.194805
19 0.440476 0.563853 0.071429 0.162338
20 0.419913 0.887446 0.067100 0.160173
10 0.487013 0.198052 0.086580 0.170996
23 0.522727 0.418831 0.062771 0.175325
1 0.506494 0.836580 0.051948 0.153680
5 0.583333 0.733766 0.080087 0.177489
29 0.603355 0.903680 0.070346 0.153680
7 0.607143 0.162338 0.082251 0.160173
17 0.739177 0.238095 0.049784 0.147186
14 0.712662 0.506494 0.076840 0.173160
6 0.748918 0.726190 0.073593 0.166667
24 0.762987 0.876623 0.067100 0.151515
2 0.820346 0.547619 0.058442 0.186147
13 0.837662 0.246753 0.056277 0.164502
21 0.923160 0.134199 0.067100 0.177489
15 0.911797 0.424242 0.076840 0.164502
18 0.919913 0.599567 0.086580 0.151515
0 0.937771 0.875541 0.068182 0.196970
