28 0.133658 0.153680 0.044372 0.164502
4 0.133117 0.390693 0.071429 0.145022
12 0.073052 0.589827 0.046537 0.149351
30 0.075758 0.900433 0.051948 0.160173
26 0.152056 0.612554 0.031385 0.155844
0 0.165584 0.818182 0.056277 0.151515
27 0.247294 0.544372 0.057359 0.149351
20 0.287879 0.720779 0.064935 0.151515
17 0.279762 0.160173 0.053030 0.147186
15 0.306277 0.331169 0.054113 0.160173
11 0.370130 0.887446 0.067100 0.155844
22 0.428030 0.241342 0.068182 0.153680
6 0.419372 0.495671 0.063853 0.155844
14 0.428571 0.735931 0.064935 0.155844
18 0.521104 0.216450 0.070346 0.151515
19 0.534091 0.373377 0.059524 0.153680
1 0.524892 0.661255 0.047619 0.145022
24 0.613636 0.884199 0.051948 0.158009
2 0.659091 0.174242 0.058442 0.149351
9 0.683983 0.417749 0.049784 0.151515
3 0.718615 0.739177 0.060606 0.153680
7 0.753247 0.130952 0.049784 0.145022
10 0.759740 0.314935 0.069264 0.153680
13 0.763528 0.521645 0.035714 0.147186
23 0.822511 0.560606 0.054113 0.164502
29 0.817100 0.857143 0.058442 0.151515
5 0.933442 0.848485 0.063853 0.147186
8 0.904221 0.483766 0.055195 0.145022
25 0.942641 0.660173 0.043290 0.147186
21 0.916667 0.121212 0.058442 0.155844
