12 0.056277 0.193723 0.054113 0.170996
22 0.082792 0.399351 0.081169 0.175325
2 0.132576 0.678571 0.070346 0.175325
19 0.133117 0.890693 0.069264 0.175325
30 0.158550 0.136364 0.061688 0.181818
17 0.185606 0.414502 0.061688 0.175325
20 0.222403 0.646104 0.072511 0.175325
26 0.231061 0.879870 0.040043 0.183983
11 0.271645 0.108225 0.073593 0.173160
21 0.275433 0.367965 0.070346 0.181818
29 0.302489 0.888528 0.068182 0.170996
9 0.394481 0.887446 0.061688 0.186147
4 0.340368 0.554113 0.083333 0.168831
8 0.377165 0.307359 0.063853 0.173160
15 0.419372 0.111472 0.063853 0.183983
1 0.506494 0.159091 0.056277 0.166667
24 0.487554 0.433983 0.061688 0.192641
28 0.443182 0.662338 0.050866 0.186147
3 0.534632 0.730519 0.069264 0.179654
14 0.662338 0.158009 0.077922 0.186147
7 0.629870 0.411255 0.058442 0.173160
25 0.660173 0.806277 0.054113 0.179654
0 0.746753 0.225108 0.064935 0.181818
6 0.790584 0.478355 0.072511 0.186147
13 0.751082 0.826840 0.041126 0.181818
27 0.893398 0.112554 0.063853 0.164502
10 0.899892 0.313853 0.076840 0.177489
23 0.932359 0.574675 0.059524 0.183983
18 0.830628 0.766234 0.081169 0.173160
5 0.922078 0.791126 0.075758 0.175325
