26 0.156385 0.095238 0.035714 0.151515
12 0.098485 0.345238 0.045455 0.136364
15 0.113636 0.531385 0.051948 0.149351
19 0.128247 0.733766 0.053030 0.134199
17 0.056818 0.899351 0.050866 0.132035
22 0.132576 0.889610 0.061688 0.134199
14 0.208874 0.862554 0.062771 0.153680
13 0.229437 0.350649 0.034632 0.138528
11 0.246212 0.535714 0.059524 0.140693
30 0.293831 0.738095 0.053030 0.155844
28 0.319805 0.088745 0.044372 0.147186
10 0.380411 0.453463 0.063853 0.145022
5 0.395563 0.780303 0.063853 0.145022
0 0.429654 0.124459 0.049784 0.145022
29 0.516234 0.094156 0.056277 0.136364
24 0.513528 0.326840 0.050866 0.151515
2 0.488636 0.488095 0.053030 0.145022
9 0.533009 0.670996 0.048701 0.155844
21 0.652597 0.100649 0.056277 0.149351
8 0.628247 0.335498 0.053030 0.142857
18 0.671537 0.604978 0.066017 0.140693
6 0.728355 0.181818 0.060606 0.142857
27 0.767316 0.341991 0.051948 0.142857
7 0.729978 0.829004 0.044372 0.138528
1 0.819805 0.643939 0.046537 0.136364
23 0.857143 0.122294 0.047619 0.140693
3 0.932900 0.219697 0.054113 0.140693
25 0.914502 0.482684 0.043290 0.138528
20 0.913420 0.646104 0.058442 0.145022
4 0.937771 0.880952 0.063853 0.138528
