21 0.077381 0.145022 0.066017 0.186147
19 0.060606 0.466450 0.073593 0.179654
11 0.100108 0.778139 0.074675 0.183983
30 0.170455 0.125541 0.061688 0.190476
4 0.172078 0.319264 0.082251 0.166667
23 0.160714 0.542208 0.061688 0.192641
6 0.222944 0.750000 0.073593 0.188312
27 0.255411 0.127706 0.069264 0.181818
5 0.353896 0.258658 0.075758 0.179654
14 0.313853 0.459957 0.082251 0.183983
10 0.352814 0.655844 0.080087 0.186147
17 0.392316 0.860390 0.057359 0.175325
25 0.460498 0.174242 0.055195 0.179654
8 0.475649 0.372294 0.068182 0.177489
28 0.454545 0.594156 0.054113 0.192641
20 0.583333 0.179654 0.077922 0.177489
3 0.570346 0.531385 0.071429 0.183983
7 0.535173 0.719697 0.059524 0.175325
9 0.704545 0.271645 0.062771 0.188312
1 0.702922 0.516234 0.055195 0.175325
13 0.674784 0.703463 0.042208 0.177489
29 0.610931 0.889610 0.070346 0.177489
12 0.794372 0.103896 0.054113 0.173160
2 0.816558 0.386364 0.068182 0.175325
26 0.806818 0.626623 0.037879 0.183983
22 0.805195 0.844156 0.080087 0.177489
15 0.902056 0.186147 0.068182 0.190476
0 0.933983 0.406926 0.062771 0.186147
18 0.915043 0.687229 0.081169 0.183983
24 0.909091 0.884199 0.067100 0.192641
