18 0.084957 0.215368 0.072511 0.158009
5 0.106602 0.442641 0.066017 0.158009
27 0.063312 0.869048 0.053030 0.145022
11 0.140152 0.850649 0.063853 0.155844
6 0.285714 0.114719 0.064935 0.155844
14 0.249459 0.340909 0.068182 0.162338
4 0.219697 0.676407 0.069264 0.153680
1 0.224026 0.854978 0.047619 0.142857
22 0.343615 0.378788 0.068182 0.151515
15 0.306277 0.545455 0.056277 0.160173
13 0.323593 0.722944 0.034632 0.147186
9 0.430736 0.370130 0.051948 0.164502
3 0.421537 0.555195 0.059524 0.153680
7 0.413420 0.725108 0.051948 0.142857
10 0.529762 0.117965 0.066017 0.153680
23 0.511364 0.300866 0.053030 0.160173
19 0.538420 0.636364 0.059524 0.147186
12 0.527597 0.841991 0.042208 0.147186
30 0.591991 0.461039 0.056277 0.160173
20 0.614719 0.669913 0.060606 0.149351
29 0.623377 0.870130 0.056277 0.147186
24 0.646645 0.278139 0.055195 0.158009
0 0.734307 0.364719 0.053030 0.158009
25 0.702381 0.760823 0.047619 0.149351
21 0.777597 0.167749 0.057359 0.162338
2 0.876082 0.256494 0.057359 0.149351
17 0.841450 0.840909 0.048701 0.153680
28 0.950758 0.413420 0.044372 0.164502
8 0.907468 0.679654 0.057359 0.147186
26 0.921537 0.864719 0.035714 0.162338
