2 0.115260 0.211039 0.089827 0.222944
5 0.084416 0.566017 0.103896 0.231602
12 0.061147 0.786797 0.061688 0.222944
28 0.213745 0.119048 0.053030 0.173160
22 0.206169 0.321429 0.096320 0.205628
21 0.195346 0.625541 0.081169 0.220779
6 0.188853 0.859307 0.091991 0.220779
15 0.297078 0.130952 0.089827 0.231602
3 0.292749 0.488095 0.087662 0.222944
10 0.339827 0.846320 0.099567 0.229437
25 0.374459 0.311688 0.056277 0.194805
14 0.420455 0.519481 0.096320 0.216450
18 0.478355 0.820346 0.101732 0.220779
9 0.573052 0.790043 0.074675 0.225108
4 0.590909 0.534632 0.099567 0.216450
8 0.466450 0.173160 0.086580 0.229437
13 0.569805 0.252165 0.050866 0.214286
30 0.637987 0.137446 0.063853 0.166667
29 0.673701 0.544372 0.068182 0.162338
1 0.699675 0.741342 0.076840 0.205628
20 0.799242 0.801948 0.094156 0.222944
17 0.761905 0.514069 0.073593 0.209957
0 0.720238 0.273810 0.085498 0.222944
19 0.821429 0.200216 0.086580 0.227273
23 0.850108 0.457792 0.072511 0.209957
11 0.912338 0.679654 0.090909 0.216450
26 0.944264 0.891775 0.044372 0.186147
27 0.943182 0.467532 0.068182 0.177489
7 0.923701 0.261905 0.074675 0.212121
