15 0.079004 0.151515 0.097403 0.246753
5 0.098485 0.403680 0.106061 0.235931
1 0.103896 0.709957 0.075758 0.216450
21 0.066558 0.871212 0.087662 0.227273
28 0.199675 0.531385 0.053030 0.188312
10 0.206169 0.743506 0.098485 0.227273
17 0.208874 0.132035 0.090909 0.233766
26 0.305195 0.129870 0.058442 0.207792
4 0.279221 0.362554 0.108225 0.235931
22 0.311688 0.628788 0.093074 0.201299
23 0.306818 0.830087 0.076840 0.209957
6 0.413961 0.777056 0.094156 0.246753
14 0.416126 0.517316 0.109307 0.246753
0 0.393398 0.130952 0.091991 0.235931
8 0.519481 0.286797 0.088745 0.244589
27 0.520563 0.630952 0.073593 0.192641
3 0.606602 0.465368 0.098485 0.242424
13 0.573052 0.809524 0.061688 0.242424
20 0.617965 0.126623 0.099567 0.218615
2 0.729437 0.140693 0.099567 0.251082
12 0.713745 0.500000 0.079004 0.268398
11 0.692100 0.825758 0.098485 0.244589
29 0.778139 0.879870 0.069264 0.183983
9 0.867424 0.787879 0.079004 0.251082
30 0.950758 0.858225 0.059524 0.183983
18 0.936688 0.544372 0.102814 0.227273
24 0.802489 0.566017 0.068182 0.205628
7 0.845779 0.349567 0.083333 0.222944
25 0.940476 0.326840 0.058442 0.194805
19 0.897727 0.121212 0.096320 0.220779
