1 0.098485 0.296537 0.049784 0.142857
23 0.089827 0.621212 0.054113 0.164502
27 0.080087 0.786797 0.060606 0.149351
14 0.181818 0.757576 0.062771 0.155844
24 0.169372 0.284632 0.055195 0.158009
12 0.238095 0.465368 0.049784 0.151515
22 0.284091 0.838745 0.074675 0.145022
29 0.308442 0.603896 0.062771 0.142857
3 0.287338 0.299784 0.061688 0.149351
9 0.332251 0.109307 0.054113 0.162338
28 0.385281 0.316017 0.045455 0.151515
20 0.387987 0.807359 0.066017 0.155844
0 0.459416 0.287879 0.057359 0.160173
5 0.489719 0.692641 0.066017 0.151515
21 0.512987 0.870130 0.060606 0.164502
10 0.587662 0.216450 0.067100 0.155844
8 0.560606 0.528139 0.056277 0.151515
25 0.634740 0.639610 0.046537 0.153680
18 0.632576 0.808442 0.072511 0.149351
6 0.653139 0.091991 0.061688 0.149351
26 0.696429 0.316017 0.033550 0.151515
2 0.709416 0.545455 0.059524 0.151515
19 0.748918 0.864719 0.060606 0.149351
13 0.781926 0.151515 0.035714 0.151515
17 0.813853 0.536797 0.054113 0.142857
7 0.837662 0.806277 0.047619 0.145022
11 0.922078 0.093074 0.064935 0.151515
15 0.871753 0.379870 0.053030 0.162338
30 0.943723 0.580087 0.054113 0.160173
4 0.930736 0.743506 0.067100 0.145022
