29 0.046537 0.347403 0.060606 0.158009
26 0.057359 0.649351 0.038961 0.173160
11 0.110390 0.863636 0.093074 0.225108
12 0.122835 0.492424 0.068182 0.218615
1 0.127706 0.216450 0.073593 0.212121
27 0.202922 0.100649 0.061688 0.158009
25 0.214827 0.282468 0.053030 0.175325
13 0.280844 0.158009 0.053030 0.225108
6 0.270563 0.503247 0.090909 0.235931
5 0.264069 0.764069 0.099567 0.225108
2 0.396645 0.182900 0.085498 0.227273
23 0.365260 0.432900 0.066017 0.190476
0 0.373377 0.729437 0.077922 0.225108
21 0.498918 0.108225 0.069264 0.190476
15 0.497835 0.337662 0.082251 0.238095
10 0.468615 0.602814 0.097403 0.231602
18 0.516234 0.872294 0.099567 0.220779
4 0.602814 0.281385 0.103896 0.216450
19 0.584957 0.563853 0.089827 0.214286
14 0.704004 0.373377 0.094156 0.222944
3 0.668290 0.751082 0.094156 0.233766
20 0.762446 0.130952 0.096320 0.222944
8 0.771645 0.610390 0.086580 0.233766
17 0.769481 0.848485 0.075758 0.212121
30 0.872835 0.093074 0.053030 0.155844
7 0.868506 0.285714 0.072511 0.212121
9 0.910714 0.669913 0.074675 0.235931
22 0.873377 0.896104 0.084416 0.181818
28 0.954004 0.104978 0.048701 0.179654
24 0.944805 0.449134 0.062771 0.183983
