27 0.142857 0.154762 0.080087 0.166667
1 0.234848 0.129870 0.067100 0.147186
23 0.487013 0.160173 0.067100 0.168831
28 0.569264 0.219697 0.045455 0.158009
22 0.699675 0.147186 0.072511 0.164502
25 0.855519 0.106061 0.055195 0.151515
2 0.786797 0.239177 0.067100 0.175325
8 0.893398 0.320346 0.070346 0.173160
20 0.651515 0.413420 0.069264 0.173160
11 0.861472 0.515152 0.075758 0.190476
30 0.717532 0.599567 0.054113 0.164502
24 0.784091 0.610390 0.057359 0.173160
0 0.864719 0.699134 0.051948 0.155844
10 0.936688 0.769481 0.076840 0.153680
6 0.521104 0.377706 0.055195 0.153680
26 0.397727 0.461039 0.044372 0.181818
14 0.305195 0.262987 0.080087 0.149351
19 0.207251 0.344156 0.068182 0.147186
15 0.044913 0.379870 0.074675 0.170996
4 0.121753 0.582251 0.076840 0.151515
12 0.051948 0.813853 0.041126 0.160173
13 0.198593 0.747835 0.055195 0.145022
9 0.229437 0.574675 0.054113 0.166667
7 0.304113 0.645022 0.049784 0.168831
3 0.396645 0.769481 0.070346 0.218615
21 0.470238 0.622294 0.053030 0.158009
5 0.586580 0.665584 0.069264 0.188312
18 0.307900 0.836580 0.083333 0.136364
29 0.514069 0.786797 0.069264 0.153680
17 0.666126 0.769481 0.068182 0.166667
