29 0.048701 0.088745 0.064935 0.155844
18 0.087121 0.524892 0.100649 0.222944
15 0.101732 0.858225 0.080087 0.231602
5 0.133117 0.254329 0.090909 0.218615
21 0.208874 0.511905 0.084416 0.231602
6 0.244048 0.762987 0.094156 0.235931
20 0.247835 0.206710 0.090909 0.227273
24 0.308442 0.518398 0.073593 0.218615
9 0.387987 0.854978 0.070346 0.233766
1 0.346861 0.344156 0.072511 0.212121
23 0.357684 0.121212 0.074675 0.225108
17 0.466991 0.158009 0.070346 0.212121
4 0.469697 0.379870 0.110390 0.214286
8 0.525974 0.734848 0.084416 0.222944
13 0.617965 0.135281 0.049784 0.222944
19 0.605519 0.373377 0.085498 0.214286
0 0.631494 0.639610 0.079004 0.218615
11 0.650974 0.870130 0.094156 0.220779
22 0.709416 0.125541 0.098485 0.212121
2 0.727814 0.348485 0.083333 0.216450
7 0.759199 0.693723 0.070346 0.214286
26 0.760281 0.898268 0.037879 0.173160
10 0.843615 0.127706 0.098485 0.216450
14 0.866342 0.441558 0.094156 0.220779
27 0.842532 0.635281 0.059524 0.149351
3 0.899892 0.774892 0.079004 0.220779
25 0.942100 0.192641 0.057359 0.181818
30 0.954004 0.371212 0.057359 0.162338
28 0.955087 0.603896 0.050866 0.164502
12 0.399351 0.597403 0.062771 0.220779
