19 0.094697 0.111472 0.094156 0.209957
14 0.088745 0.336580 0.101732 0.218615
11 0.074134 0.582251 0.089827 0.212121
18 0.106602 0.805195 0.104978 0.203463
29 0.180736 0.313853 0.071429 0.181818
27 0.174242 0.504329 0.067100 0.186147
1 0.232143 0.180736 0.068182 0.201299
26 0.320887 0.112554 0.050866 0.216450
12 0.262446 0.403680 0.063853 0.218615
3 0.257576 0.653680 0.084416 0.207792
21 0.238636 0.865801 0.083333 0.207792
24 0.333333 0.872294 0.073593 0.216450
13 0.397186 0.271645 0.051948 0.227273
4 0.412879 0.613636 0.107143 0.205628
20 0.437771 0.864719 0.085498 0.209957
28 0.472403 0.104978 0.057359 0.201299
30 0.470779 0.303030 0.075758 0.190476
0 0.555195 0.173160 0.084416 0.207792
17 0.516775 0.508658 0.074675 0.212121
9 0.542749 0.790043 0.074675 0.238095
2 0.689935 0.115801 0.083333 0.214286
22 0.656926 0.333333 0.090909 0.212121
8 0.651515 0.550866 0.080087 0.209957
5 0.669913 0.843074 0.099567 0.209957
15 0.754870 0.480519 0.083333 0.229437
25 0.771104 0.706710 0.068182 0.209957
7 0.845238 0.192641 0.071429 0.216450
23 0.932900 0.235931 0.082251 0.238095
10 0.880952 0.492424 0.099567 0.218615
6 0.872835 0.827922 0.085498 0.231602
