8 0.097944 0.134199 0.074675 0.194805
15 0.092532 0.405844 0.074675 0.205628
24 0.061688 0.660173 0.069264 0.203463
10 0.099567 0.871212 0.088745 0.196970
1 0.202922 0.731602 0.061688 0.177489
22 0.195887 0.200216 0.084416 0.188312
7 0.242965 0.536797 0.063853 0.186147
0 0.289502 0.133117 0.070346 0.188312
29 0.304654 0.331169 0.076840 0.190476
19 0.309524 0.794372 0.077922 0.190476
12 0.422078 0.256494 0.056277 0.196970
20 0.380411 0.561688 0.081169 0.196970
26 0.412879 0.817100 0.046537 0.209957
11 0.545996 0.253247 0.081169 0.199134
18 0.512446 0.457792 0.089827 0.196970
13 0.486472 0.753247 0.046537 0.199134
30 0.645563 0.109307 0.068182 0.196970
23 0.639610 0.321429 0.069264 0.205628
2 0.630952 0.556277 0.073593 0.203463
6 0.596320 0.803030 0.080087 0.203463
28 0.731061 0.119048 0.055195 0.203463
4 0.778680 0.327922 0.096320 0.183983
9 0.753788 0.685065 0.066017 0.209957
27 0.695887 0.887446 0.073593 0.186147
25 0.834957 0.122294 0.057359 0.192641
5 0.939394 0.114719 0.086580 0.194805
17 0.889610 0.334416 0.064935 0.183983
3 0.916667 0.624459 0.073593 0.201299
14 0.816558 0.847403 0.085498 0.201299
21 0.932359 0.853896 0.074675 0.205628
