22 0.113636 0.139610 0.084416 0.188312
13 0.064394 0.488095 0.055195 0.188312
2 0.057900 0.703463 0.076840 0.186147
25 0.134199 0.835498 0.060606 0.199134
1 0.222944 0.646104 0.062771 0.170996
3 0.183983 0.456710 0.077922 0.181818
8 0.216450 0.244589 0.067100 0.181818
21 0.273810 0.875541 0.075758 0.196970
12 0.303030 0.395022 0.062771 0.192641
5 0.389610 0.203463 0.082251 0.186147
27 0.392857 0.453463 0.075758 0.179654
18 0.398810 0.638528 0.079004 0.181818
7 0.379870 0.827922 0.069264 0.170996
28 0.476732 0.857143 0.059524 0.194805
11 0.489177 0.348485 0.075758 0.194805
26 0.516234 0.142857 0.047619 0.199134
19 0.562229 0.503247 0.072511 0.179654
6 0.549784 0.724026 0.073593 0.196970
30 0.636364 0.851732 0.071429 0.196970
15 0.607684 0.286797 0.074675 0.201299
17 0.675325 0.115801 0.069264 0.170996
10 0.728896 0.314935 0.094156 0.188312
29 0.771645 0.104978 0.071429 0.196970
23 0.876082 0.154762 0.068182 0.201299
9 0.903680 0.376623 0.071429 0.207792
0 0.846861 0.614719 0.070346 0.194805
24 0.931818 0.639610 0.062771 0.205628
14 0.837662 0.890693 0.093074 0.188312
4 0.734848 0.840909 0.084416 0.188312
20 0.705628 0.544372 0.082251 0.179654
