7 0.090368 0.168831 0.079004 0.229437
10 0.116883 0.429654 0.099567 0.240260
8 0.122835 0.727273 0.085498 0.229437
28 0.055736 0.895022 0.046537 0.166667
29 0.198593 0.905844 0.061688 0.158009
30 0.172619 0.100649 0.053030 0.158009
15 0.254870 0.218615 0.083333 0.251082
0 0.255411 0.484848 0.084416 0.229437
5 0.278139 0.745671 0.101732 0.227273
24 0.344697 0.130952 0.066017 0.188312
3 0.373918 0.364719 0.089827 0.235931
26 0.377165 0.584416 0.035714 0.168831
22 0.379329 0.843074 0.085498 0.196970
19 0.442641 0.123377 0.090909 0.220779
17 0.474567 0.517316 0.081169 0.216450
4 0.475649 0.752165 0.107143 0.222944
9 0.547619 0.215368 0.082251 0.240260
25 0.562229 0.440476 0.057359 0.175325
18 0.588203 0.851732 0.104978 0.231602
14 0.671537 0.183983 0.100649 0.233766
2 0.658550 0.574675 0.091991 0.231602
12 0.686688 0.853896 0.068182 0.227273
27 0.751623 0.653680 0.061688 0.164502
6 0.790584 0.199134 0.094156 0.242424
11 0.833874 0.475108 0.098485 0.240260
1 0.837662 0.827922 0.073593 0.214286
13 0.905303 0.149351 0.053030 0.238095
21 0.941558 0.438312 0.075758 0.205628
20 0.931277 0.670996 0.091991 0.229437
23 0.936688 0.886364 0.066017 0.192641
