23 0.060606 0.138528 0.073593 0.203463
4 0.063312 0.467532 0.089827 0.190476
0 0.173701 0.299784 0.070346 0.196970
21 0.169372 0.557359 0.072511 0.209957
11 0.147186 0.812771 0.082251 0.196970
7 0.279221 0.139610 0.064935 0.192641
12 0.293831 0.346320 0.057359 0.194805
9 0.273810 0.609307 0.069264 0.205628
18 0.259199 0.836580 0.091991 0.188312
17 0.369048 0.150433 0.067100 0.188312
26 0.383658 0.345238 0.042208 0.201299
28 0.366342 0.560606 0.055195 0.186147
19 0.380411 0.767316 0.081169 0.188312
22 0.513528 0.121212 0.087662 0.190476
25 0.466991 0.320346 0.059524 0.194805
14 0.457251 0.527056 0.085498 0.192641
27 0.468074 0.891775 0.072511 0.181818
1 0.617424 0.267316 0.059524 0.179654
8 0.599026 0.476190 0.070346 0.190476
13 0.550866 0.793290 0.045455 0.196970
24 0.696970 0.175325 0.069264 0.199134
29 0.692100 0.457792 0.072511 0.179654
5 0.746753 0.662338 0.084416 0.194805
15 0.689394 0.870130 0.069264 0.199134
20 0.795996 0.117965 0.081169 0.188312
10 0.794913 0.325758 0.081169 0.196970
6 0.859307 0.876623 0.080087 0.199134
2 0.901515 0.170996 0.069264 0.190476
3 0.918290 0.560606 0.076840 0.199134
