25 0.219156 0.111472 0.072511 0.201299
14 0.113095 0.290043 0.094156 0.212121
19 0.070346 0.558442 0.086580 0.207792
30 0.057900 0.884199 0.068182 0.201299
8 0.144481 0.810606 0.079004 0.214286
9 0.208333 0.326840 0.079004 0.216450
2 0.192641 0.572511 0.080087 0.201299
7 0.319805 0.268398 0.066017 0.203463
24 0.290584 0.489177 0.070346 0.216450
18 0.286797 0.712121 0.097403 0.203463
29 0.380952 0.454545 0.071429 0.177489
6 0.384740 0.661255 0.083333 0.209957
23 0.383658 0.877706 0.076840 0.205628
21 0.471861 0.132035 0.086580 0.220779
3 0.478896 0.371212 0.083333 0.214286
5 0.478355 0.682900 0.090909 0.205628
28 0.487554 0.891775 0.057359 0.199134
27 0.576299 0.102814 0.081169 0.183983
17 0.598485 0.305195 0.075758 0.207792
1 0.582251 0.533550 0.069264 0.192641
11 0.589286 0.850649 0.083333 0.220779
20 0.687771 0.129870 0.085498 0.207792
22 0.681277 0.477273 0.091991 0.201299
0 0.705087 0.729437 0.076840 0.207792
12 0.779762 0.176407 0.068182 0.218615
13 0.762446 0.428571 0.053030 0.212121
10 0.917208 0.275974 0.087662 0.218615
15 0.861472 0.521645 0.073593 0.216450
4 0.857143 0.760823 0.097403 0.205628
26 0.944264 0.883117 0.053030 0.207792
