28 0.062229 0.168831 0.059524 0.203463
0 0.146104 0.272727 0.075758 0.212121
20 0.110390 0.518398 0.086580 0.201299
11 0.091991 0.765152 0.088745 0.209957
14 0.253788 0.200216 0.098485 0.209957
6 0.219156 0.573593 0.091991 0.212121
25 0.184524 0.880952 0.074675 0.207792
1 0.271104 0.825758 0.074675 0.201299
22 0.365260 0.130952 0.102814 0.209957
23 0.354978 0.347403 0.077922 0.214286
4 0.348485 0.570346 0.099567 0.205628
29 0.359307 0.891775 0.075758 0.186147
17 0.443182 0.759740 0.076840 0.207792
12 0.461580 0.219697 0.063853 0.209957
8 0.460498 0.459957 0.083333 0.205628
30 0.537338 0.094156 0.074675 0.179654
2 0.579545 0.294372 0.081169 0.207792
3 0.591450 0.522727 0.085498 0.209957
18 0.545455 0.748918 0.099567 0.216450
27 0.677489 0.109307 0.073593 0.192641
13 0.686688 0.314935 0.055195 0.205628
26 0.687229 0.533550 0.049784 0.209957
15 0.651515 0.847403 0.084416 0.218615
21 0.774892 0.248918 0.080087 0.225108
9 0.885823 0.191558 0.079004 0.227273
5 0.784091 0.519481 0.094156 0.220779
10 0.905844 0.488095 0.103896 0.218615
19 0.927489 0.742424 0.086580 0.212121
24 0.741883 0.761905 0.074675 0.212121
7 0.833333 0.818182 0.067100 0.207792
