12 0.061688 0.323593 0.060606 0.196970
18 0.115260 0.114719 0.094156 0.199134
8 0.109848 0.532468 0.074675 0.207792
20 0.084957 0.745671 0.085498 0.196970
10 0.215368 0.209957 0.088745 0.203463
9 0.220779 0.606061 0.071429 0.212121
17 0.224567 0.863636 0.066017 0.190476
21 0.353355 0.141775 0.076840 0.209957
11 0.311688 0.530303 0.086580 0.203463
1 0.331169 0.774892 0.067100 0.199134
0 0.410714 0.442641 0.070346 0.201299
23 0.432359 0.673160 0.072511 0.212121
27 0.431818 0.885281 0.073593 0.190476
6 0.473485 0.132035 0.083333 0.212121
26 0.512446 0.449134 0.044372 0.209957
14 0.538961 0.726190 0.093074 0.209957
22 0.568723 0.233766 0.087662 0.194805
5 0.609307 0.488095 0.086580 0.196970
30 0.649351 0.687229 0.062771 0.183983
7 0.648268 0.882035 0.067100 0.192641
13 0.648810 0.211039 0.044372 0.201299
15 0.745130 0.357143 0.074675 0.225108
4 0.733225 0.643939 0.091991 0.196970
24 0.760281 0.854978 0.068182 0.207792
25 0.800325 0.115801 0.068182 0.196970
28 0.915584 0.111472 0.056277 0.201299
29 0.833874 0.663420 0.074675 0.183983
19 0.862013 0.870130 0.081169 0.199134
2 0.909632 0.320346 0.079004 0.203463
3 0.928571 0.538961 0.080087 0.207792
