5 0.123918 0.190476 0.074675 0.164502
30 0.205087 0.244589 0.057359 0.186147
14 0.344156 0.103896 0.080087 0.173160
26 0.492424 0.148268 0.049784 0.188312
12 0.652056 0.137446 0.061688 0.205628
4 0.792749 0.164502 0.066017 0.207792
28 0.909091 0.104978 0.058442 0.192641
23 0.185606 0.465368 0.068182 0.181818
20 0.358766 0.334416 0.070346 0.183983
10 0.445346 0.379870 0.081169 0.192641
2 0.600108 0.384199 0.074675 0.192641
9 0.884199 0.395022 0.060606 0.183983
6 0.755411 0.494589 0.101732 0.201299
11 0.895022 0.581169 0.071429 0.192641
3 0.113095 0.547619 0.076840 0.194805
22 0.060606 0.726190 0.080087 0.192641
27 0.175866 0.775974 0.085498 0.188312
19 0.297619 0.847403 0.060606 0.179654
7 0.305736 0.622294 0.048701 0.166667
29 0.373377 0.558442 0.062771 0.177489
25 0.383117 0.730519 0.060606 0.153680
18 0.472944 0.600649 0.075758 0.196970
0 0.556818 0.621212 0.059524 0.177489
21 0.648268 0.616883 0.069264 0.199134
1 0.407468 0.900433 0.061688 0.164502
24 0.530844 0.795455 0.070346 0.179654
8 0.609307 0.830087 0.069264 0.170996
13 0.736472 0.878788 0.053030 0.173160
17 0.832792 0.888528 0.066017 0.175325
15 0.952381 0.838745 0.067100 0.214286
