8 0.125541 0.107143 0.069264 0.188312
3 0.225108 0.112554 0.071429 0.190476
18 0.329545 0.158009 0.085498 0.190476
29 0.423701 0.101732 0.063853 0.173160
22 0.524892 0.186147 0.082251 0.181818
2 0.627165 0.251082 0.070346 0.186147
13 0.774892 0.229437 0.038961 0.181818
11 0.895022 0.293290 0.077922 0.188312
17 0.893398 0.501082 0.057359 0.179654
7 0.775433 0.527056 0.057359 0.183983
21 0.938853 0.748918 0.066017 0.194805
12 0.821970 0.780303 0.048701 0.179654
24 0.734848 0.882035 0.062771 0.196970
0 0.684524 0.572511 0.066017 0.188312
28 0.602814 0.577922 0.045455 0.186147
9 0.625000 0.825758 0.059524 0.201299
20 0.528139 0.796537 0.077922 0.186147
19 0.521104 0.404762 0.070346 0.186147
1 0.426407 0.299784 0.058442 0.170996
25 0.372835 0.455628 0.055195 0.183983
10 0.420996 0.689394 0.077922 0.188312
27 0.392857 0.890693 0.067100 0.175325
15 0.271104 0.481602 0.068182 0.205628
5 0.288961 0.719697 0.075758 0.188312
6 0.195887 0.786797 0.071429 0.192641
26 0.184524 0.326840 0.040043 0.203463
23 0.167208 0.545455 0.068182 0.190476
14 0.097403 0.770563 0.080087 0.186147
4 0.074675 0.488095 0.086580 0.183983
30 0.065476 0.294372 0.059524 0.194805
