21 0.054113 0.163420 0.056277 0.158009
24 0.053030 0.444805 0.054113 0.162338
28 0.069805 0.862554 0.044372 0.153680
13 0.161797 0.301948 0.035714 0.149351
15 0.194805 0.505411 0.054113 0.158009
19 0.226190 0.297619 0.060606 0.149351
10 0.213745 0.718615 0.068182 0.155844
12 0.365801 0.278139 0.045455 0.145022
18 0.331169 0.493506 0.069264 0.151515
26 0.311147 0.679654 0.031385 0.155844
0 0.333333 0.847403 0.054113 0.149351
3 0.429654 0.549784 0.058442 0.155844
1 0.464286 0.141775 0.049784 0.140693
11 0.544913 0.090909 0.063853 0.151515
22 0.561688 0.307359 0.067100 0.147186
30 0.478355 0.719697 0.054113 0.158009
9 0.496212 0.906926 0.050866 0.155844
4 0.582792 0.846320 0.070346 0.147186
17 0.594156 0.468615 0.054113 0.145022
14 0.655303 0.145022 0.068182 0.151515
2 0.687771 0.377706 0.059524 0.153680
29 0.672619 0.682900 0.059524 0.149351
27 0.673701 0.836580 0.057359 0.149351
5 0.772186 0.877706 0.063853 0.153680
7 0.775974 0.206710 0.049784 0.136364
20 0.784632 0.471861 0.060606 0.155844
23 0.853896 0.632035 0.051948 0.160173
8 0.923701 0.180736 0.057359 0.153680
25 0.937229 0.418831 0.049784 0.145022
6 0.956169 0.625541 0.061688 0.155844
