17 0.066017 0.149351 0.067100 0.190476
26 0.068723 0.376623 0.042208 0.199134
24 0.095238 0.601732 0.071429 0.199134
21 0.091450 0.846320 0.072511 0.199134
3 0.207792 0.127706 0.077922 0.194805
8 0.161255 0.404762 0.071429 0.190476
10 0.203463 0.643939 0.086580 0.196970
13 0.182359 0.864719 0.044372 0.192641
14 0.298160 0.271645 0.087662 0.192641
28 0.304654 0.521645 0.048701 0.181818
15 0.328463 0.757576 0.072511 0.199134
6 0.390152 0.485931 0.079004 0.201299
18 0.427489 0.699134 0.088745 0.194805
29 0.451299 0.900433 0.069264 0.173160
7 0.424242 0.240260 0.060606 0.186147
11 0.522186 0.169913 0.081169 0.192641
1 0.531385 0.470779 0.062771 0.183983
19 0.543290 0.721861 0.073593 0.192641
23 0.618506 0.181818 0.068182 0.203463
5 0.641234 0.529221 0.085498 0.196970
4 0.666126 0.835498 0.089827 0.186147
30 0.701299 0.102814 0.058442 0.175325
12 0.724567 0.298701 0.057359 0.190476
2 0.807900 0.524892 0.076840 0.188312
0 0.809524 0.730519 0.071429 0.196970
27 0.786255 0.107143 0.070346 0.183983
9 0.876623 0.186147 0.064935 0.203463
25 0.918290 0.391775 0.061688 0.186147
20 0.933442 0.601732 0.079004 0.194805
22 0.910173 0.843074 0.084416 0.192641
