27 0.159632 0.115801 0.061688 0.153680
0 0.088203 0.218615 0.061688 0.173160
15 0.080087 0.517316 0.067100 0.177489
3 0.061147 0.866883 0.072511 0.166667
11 0.157468 0.871212 0.074675 0.162338
28 0.326840 0.123377 0.058442 0.173160
19 0.249459 0.362554 0.068182 0.166667
5 0.232684 0.579004 0.084416 0.175325
22 0.338203 0.435065 0.074675 0.160173
14 0.320346 0.698052 0.073593 0.162338
1 0.329004 0.875541 0.054113 0.149351
13 0.403680 0.348485 0.038961 0.168831
23 0.470779 0.234848 0.058442 0.179654
2 0.497294 0.554113 0.066017 0.160173
9 0.457251 0.774892 0.059524 0.173160
17 0.573052 0.218615 0.061688 0.160173
29 0.582251 0.609307 0.062771 0.153680
20 0.604437 0.791126 0.072511 0.158009
4 0.663420 0.415584 0.075758 0.164502
25 0.712121 0.170996 0.054113 0.155844
7 0.820346 0.137446 0.058442 0.149351
26 0.929654 0.137446 0.045455 0.183983
21 0.841450 0.316017 0.068182 0.173160
24 0.748918 0.415584 0.060606 0.168831
12 0.725108 0.640693 0.049784 0.155844
6 0.726732 0.817100 0.068182 0.162338
30 0.810606 0.832251 0.056277 0.175325
10 0.937229 0.767316 0.075758 0.158009
8 0.937771 0.562771 0.061688 0.168831
18 0.844697 0.524892 0.079004 0.158009
