15 0.083333 0.163420 0.080087 0.244589
17 0.056818 0.543290 0.076840 0.212121
1 0.126082 0.844156 0.072511 0.212121
11 0.219156 0.154762 0.098485 0.231602
4 0.176407 0.415584 0.110390 0.216450
24 0.148268 0.630952 0.069264 0.196970
3 0.252706 0.714286 0.091991 0.242424
20 0.334957 0.160173 0.094156 0.225108
9 0.317641 0.441558 0.074675 0.233766
22 0.386364 0.614719 0.086580 0.199134
18 0.367965 0.845238 0.099567 0.222944
7 0.447511 0.261905 0.074675 0.220779
5 0.491342 0.614719 0.097403 0.233766
21 0.494589 0.858225 0.090909 0.235931
8 0.562229 0.237013 0.085498 0.235931
2 0.602814 0.491342 0.084416 0.220779
10 0.605519 0.750000 0.098485 0.235931
25 0.651515 0.100649 0.056277 0.175325
29 0.652597 0.284632 0.067100 0.166667
19 0.716450 0.525974 0.090909 0.220779
12 0.721861 0.800866 0.067100 0.220779
6 0.751623 0.190476 0.094156 0.233766
30 0.813853 0.397186 0.060606 0.166667
0 0.850649 0.594156 0.080087 0.222944
14 0.856602 0.829004 0.098485 0.233766
27 0.860931 0.108225 0.063853 0.168831
28 0.948052 0.099567 0.047619 0.181818
13 0.883117 0.309524 0.056277 0.220779
23 0.938853 0.523810 0.063853 0.190476
26 0.950758 0.718615 0.042208 0.186147
