10 0.107143 0.173160 0.062771 0.147186
0 0.121212 0.470779 0.054113 0.153680
26 0.091991 0.651515 0.034632 0.151515
5 0.066558 0.817100 0.061688 0.145022
28 0.166667 0.843074 0.041126 0.153680
27 0.183983 0.141775 0.054113 0.145022
9 0.225649 0.378788 0.048701 0.142857
30 0.218074 0.627706 0.050866 0.155844
2 0.234848 0.800866 0.054113 0.142857
17 0.297078 0.199134 0.050866 0.138528
4 0.346320 0.483766 0.062771 0.140693
22 0.379870 0.772727 0.067100 0.151515
24 0.427489 0.293290 0.051948 0.149351
14 0.419372 0.568182 0.061688 0.145022
8 0.509199 0.194805 0.055195 0.147186
12 0.572511 0.188312 0.041126 0.147186
25 0.562771 0.363636 0.049784 0.147186
20 0.551407 0.538961 0.059524 0.142857
23 0.522727 0.754329 0.051948 0.158009
1 0.640693 0.478355 0.047619 0.138528
11 0.612554 0.807359 0.058442 0.147186
15 0.674242 0.265152 0.051948 0.153680
29 0.707792 0.500000 0.054113 0.147186
19 0.724567 0.764069 0.059524 0.142857
18 0.873377 0.896104 0.067100 0.142857
3 0.863636 0.509740 0.056277 0.149351
6 0.903139 0.670996 0.059524 0.142857
7 0.875541 0.241342 0.047619 0.145022
21 0.948593 0.496753 0.059524 0.158009
13 0.732143 0.211039 0.035714 0.149351
