24 0.063853 0.228355 0.071429 0.201299
11 0.154762 0.195887 0.101732 0.218615
13 0.108766 0.571429 0.053030 0.199134
19 0.061147 0.791126 0.087662 0.196970
1 0.149351 0.818182 0.067100 0.190476
23 0.200758 0.506494 0.066017 0.207792
6 0.286797 0.305195 0.086580 0.229437
25 0.299242 0.521645 0.072511 0.203463
2 0.269481 0.725108 0.080087 0.212121
9 0.349026 0.882035 0.072511 0.218615
22 0.389610 0.136364 0.108225 0.199134
27 0.383117 0.365801 0.073593 0.186147
15 0.396645 0.577922 0.079004 0.203463
18 0.468615 0.756494 0.101732 0.175325
30 0.568182 0.870130 0.080087 0.199134
0 0.486472 0.508658 0.072511 0.194805
3 0.472944 0.290043 0.075758 0.181818
17 0.618506 0.162338 0.070346 0.177489
20 0.614719 0.373377 0.086580 0.192641
7 0.645022 0.757576 0.069264 0.199134
8 0.743506 0.137446 0.075758 0.201299
26 0.747294 0.366883 0.048701 0.201299
12 0.729978 0.569264 0.061688 0.190476
28 0.820346 0.628788 0.056277 0.192641
14 0.800325 0.864719 0.091991 0.205628
10 0.910714 0.825758 0.085498 0.214286
4 0.940476 0.515152 0.084416 0.181818
5 0.847944 0.433983 0.087662 0.192641
29 0.834416 0.212121 0.082251 0.225108
21 0.924784 0.200216 0.083333 0.240260
