19 0.108225 0.195887 0.088745 0.218615
8 0.103355 0.467532 0.085498 0.199134
15 0.072511 0.690476 0.084416 0.194805
28 0.106602 0.885281 0.072511 0.212121
26 0.202922 0.435065 0.057359 0.225108
6 0.180195 0.761905 0.096320 0.225108
10 0.287879 0.254329 0.101732 0.209957
11 0.329004 0.623377 0.090909 0.212121
9 0.269481 0.850649 0.073593 0.220779
1 0.374459 0.827922 0.077922 0.183983
25 0.406926 0.173160 0.073593 0.216450
4 0.393398 0.397186 0.091991 0.188312
12 0.430195 0.627706 0.072511 0.199134
21 0.478896 0.829004 0.098485 0.216450
2 0.510823 0.110390 0.084416 0.194805
20 0.502165 0.307359 0.095238 0.207792
24 0.522727 0.536797 0.080087 0.220779
13 0.601732 0.700216 0.043290 0.196970
30 0.596861 0.888528 0.074675 0.209957
5 0.613636 0.374459 0.084416 0.194805
18 0.660173 0.178571 0.099567 0.205628
3 0.692641 0.689394 0.090909 0.205628
22 0.732143 0.882035 0.094156 0.201299
23 0.751623 0.491342 0.081169 0.220779
7 0.748918 0.201299 0.058442 0.181818
17 0.897727 0.180736 0.066017 0.244589
0 0.865260 0.480519 0.085498 0.216450
14 0.858766 0.699134 0.079004 0.186147
27 0.840368 0.885281 0.076840 0.194805
29 0.930736 0.883117 0.086580 0.207792
