14 0.056277 0.233766 0.084416 0.177489
22 0.074134 0.424242 0.085498 0.186147
24 0.119048 0.622294 0.069264 0.192641
20 0.083333 0.852814 0.075758 0.177489
18 0.177489 0.377706 0.084416 0.183983
17 0.228355 0.155844 0.075758 0.186147
6 0.233225 0.635281 0.085498 0.183983
10 0.178030 0.867965 0.087662 0.186147
15 0.355519 0.123377 0.074675 0.194805
4 0.304113 0.457792 0.090909 0.179654
30 0.329004 0.702381 0.073593 0.196970
8 0.339827 0.897186 0.071429 0.179654
2 0.407468 0.530303 0.074675 0.181818
11 0.481602 0.332251 0.075758 0.188312
9 0.507035 0.123377 0.066017 0.194805
19 0.466450 0.784632 0.084416 0.201299
21 0.594156 0.158009 0.075758 0.199134
0 0.582251 0.398268 0.069264 0.181818
13 0.573052 0.759740 0.057359 0.190476
3 0.698593 0.101732 0.076840 0.190476
1 0.720779 0.461039 0.069264 0.173160
25 0.682900 0.611472 0.056277 0.192641
5 0.669913 0.805195 0.080087 0.173160
29 0.855519 0.097403 0.066017 0.181818
12 0.823593 0.291126 0.056277 0.183983
23 0.809524 0.608225 0.069264 0.190476
26 0.819805 0.814935 0.048701 0.205628
28 0.929113 0.389610 0.066017 0.194805
7 0.898268 0.659091 0.064935 0.175325
27 0.922619 0.836580 0.076840 0.175325
