3 0.111472 0.235931 0.069264 0.190476
8 0.141234 0.446970 0.063853 0.175325
28 0.060606 0.517316 0.056277 0.186147
30 0.054113 0.893939 0.060606 0.181818
11 0.128788 0.739177 0.075758 0.179654
14 0.246212 0.125541 0.079004 0.190476
17 0.223485 0.430736 0.061688 0.173160
20 0.251082 0.696970 0.075758 0.177489
25 0.283550 0.878788 0.051948 0.181818
0 0.366883 0.408009 0.062771 0.179654
4 0.379870 0.744589 0.082251 0.173160
9 0.409632 0.160173 0.057359 0.190476
1 0.515693 0.259740 0.057359 0.168831
2 0.530303 0.512987 0.071429 0.177489
13 0.506494 0.827922 0.043290 0.183983
12 0.628247 0.170996 0.053030 0.177489
18 0.650974 0.495671 0.085498 0.190476
21 0.634740 0.816017 0.068182 0.190476
29 0.724567 0.102814 0.068182 0.170996
23 0.705087 0.298701 0.063853 0.186147
27 0.753788 0.510823 0.066017 0.177489
6 0.741883 0.701299 0.070346 0.181818
22 0.728355 0.888528 0.077922 0.175325
15 0.799242 0.293290 0.063853 0.183983
5 0.846320 0.509740 0.073593 0.175325
7 0.823052 0.857143 0.059524 0.173160
10 0.925325 0.145022 0.075758 0.186147
24 0.936688 0.406926 0.066017 0.190476
19 0.935606 0.685065 0.072511 0.175325
26 0.946429 0.886364 0.035714 0.183983
