5 0.092532 0.175325 0.057359 0.121212
3 0.098485 0.373377 0.054113 0.136364
20 0.073593 0.679654 0.058442 0.134199
12 0.121753 0.834416 0.037879 0.127706
0 0.142316 0.635281 0.053030 0.136364
2 0.213203 0.741342 0.054113 0.140693
1 0.228896 0.199134 0.048701 0.125541
26 0.367965 0.112554 0.030303 0.142857
8 0.360390 0.341991 0.054113 0.138528
19 0.290584 0.568182 0.057359 0.132035
17 0.369048 0.791126 0.045455 0.127706
6 0.456169 0.084416 0.055195 0.134199
15 0.438312 0.332251 0.051948 0.140693
23 0.450758 0.660173 0.050866 0.147186
29 0.458333 0.850649 0.050866 0.125541
21 0.527597 0.844156 0.057359 0.142857
13 0.491883 0.243506 0.033550 0.132035
7 0.594697 0.086580 0.046537 0.129870
9 0.615260 0.244589 0.046537 0.134199
10 0.589827 0.528139 0.060606 0.138528
28 0.707792 0.676407 0.038961 0.132035
25 0.683442 0.871212 0.044372 0.136364
11 0.722403 0.099567 0.057359 0.134199
14 0.745130 0.453463 0.061688 0.136364
24 0.832251 0.377706 0.049784 0.140693
30 0.809524 0.732684 0.049784 0.145022
18 0.899892 0.761905 0.061688 0.134199
27 0.922078 0.917749 0.054113 0.129870
22 0.932900 0.533550 0.060606 0.132035
4 0.878788 0.227273 0.062771 0.125541
