12 0.077381 0.128788 0.068182 0.222944
26 0.059524 0.343074 0.041126 0.183983
9 0.074675 0.675325 0.077922 0.246753
28 0.061147 0.892857 0.048701 0.179654
24 0.138528 0.891775 0.064935 0.186147
22 0.168831 0.115801 0.086580 0.205628
15 0.145022 0.402597 0.082251 0.242424
14 0.207792 0.678571 0.101732 0.235931
25 0.221861 0.895022 0.056277 0.179654
11 0.277597 0.256494 0.094156 0.231602
27 0.241342 0.467532 0.062771 0.160173
0 0.392857 0.239177 0.080087 0.227273
8 0.359848 0.533550 0.085498 0.231602
6 0.324675 0.800866 0.095238 0.242424
2 0.506494 0.170996 0.088745 0.229437
20 0.478896 0.487013 0.096320 0.233766
3 0.473485 0.735931 0.089827 0.233766
21 0.603896 0.291126 0.082251 0.218615
10 0.597944 0.531385 0.100649 0.227273
13 0.614719 0.860390 0.054113 0.235931
1 0.643939 0.132035 0.073593 0.216450
23 0.694805 0.332251 0.062771 0.188312
4 0.741883 0.791126 0.107143 0.222944
19 0.777056 0.548701 0.095238 0.227273
29 0.725649 0.095238 0.059524 0.155844
5 0.800866 0.286797 0.095238 0.231602
30 0.847944 0.093074 0.055195 0.155844
17 0.909632 0.277056 0.074675 0.225108
7 0.904221 0.603896 0.076840 0.225108
18 0.871212 0.862554 0.101732 0.235931
