0 0.122294 0.165584 0.049784 0.132035
11 0.091450 0.338745 0.057359 0.132035
10 0.100649 0.601732 0.056277 0.134199
20 0.109307 0.771645 0.058442 0.140693
5 0.204004 0.168831 0.055195 0.134199
28 0.225649 0.429654 0.040043 0.149351
2 0.188853 0.758658 0.050866 0.136364
21 0.222403 0.899351 0.050866 0.145022
8 0.312229 0.080087 0.053030 0.134199
9 0.322511 0.438312 0.043290 0.136364
14 0.281926 0.625541 0.055195 0.138528
29 0.321970 0.772727 0.050866 0.129870
30 0.402056 0.354978 0.048701 0.134199
24 0.394481 0.768398 0.046537 0.138528
18 0.538961 0.165584 0.062771 0.132035
6 0.497294 0.318182 0.053030 0.138528
25 0.457792 0.573593 0.045455 0.134199
12 0.573052 0.558442 0.037879 0.134199
22 0.574134 0.837662 0.061688 0.134199
23 0.641775 0.867965 0.047619 0.142857
15 0.708874 0.235931 0.047619 0.142857
26 0.701840 0.717532 0.029221 0.140693
19 0.775974 0.163420 0.054113 0.132035
17 0.746753 0.440476 0.045455 0.123377
27 0.808983 0.389610 0.046537 0.129870
4 0.925325 0.282468 0.062771 0.127706
13 0.886364 0.448052 0.032468 0.138528
7 0.816558 0.589827 0.044372 0.132035
3 0.911255 0.769481 0.051948 0.136364
1 0.829004 0.824675 0.043290 0.129870
