20 0.081169 0.087662 0.082251 0.162338
19 0.069264 0.397186 0.069264 0.162338
24 0.053030 0.848485 0.067100 0.155844
4 0.128788 0.612554 0.082251 0.151515
23 0.164502 0.880952 0.064935 0.177489
7 0.147727 0.408009 0.050866 0.145022
27 0.200216 0.104978 0.058442 0.158009
6 0.242424 0.312771 0.073593 0.175325
2 0.348485 0.543290 0.073593 0.160173
11 0.316017 0.748918 0.069264 0.173160
3 0.343615 0.266234 0.063853 0.181818
28 0.423701 0.138528 0.079004 0.147186
8 0.425866 0.418831 0.059524 0.158009
25 0.496212 0.275974 0.048701 0.158009
0 0.495671 0.543290 0.051948 0.160173
18 0.489177 0.863636 0.082251 0.160173
13 0.564394 0.489177 0.044372 0.155844
17 0.580628 0.891775 0.046537 0.138528
5 0.639069 0.742424 0.063853 0.155844
10 0.570887 0.256494 0.070346 0.140693
22 0.702922 0.403680 0.076840 0.158009
15 0.758658 0.117965 0.054113 0.153680
9 0.776515 0.738095 0.048701 0.186147
30 0.807359 0.534632 0.051948 0.164502
26 0.835498 0.374459 0.038961 0.160173
1 0.873918 0.538961 0.048701 0.142857
21 0.864177 0.722944 0.079004 0.155844
12 0.864177 0.906926 0.057359 0.151515
29 0.940476 0.435065 0.062771 0.160173
14 0.889069 0.103896 0.081169 0.155844
