9 0.049784 0.188312 0.060606 0.190476
18 0.089827 0.467532 0.088745 0.186147
25 0.057359 0.726190 0.056277 0.183983
4 0.199134 0.124459 0.086580 0.175325
19 0.209416 0.497835 0.070346 0.181818
8 0.145563 0.759740 0.070346 0.181818
24 0.380952 0.120130 0.064935 0.188312
3 0.322511 0.301948 0.071429 0.183983
11 0.304654 0.492424 0.074675 0.183983
6 0.274892 0.717532 0.073593 0.183983
26 0.383658 0.876623 0.040043 0.190476
30 0.410173 0.444805 0.064935 0.192641
5 0.436688 0.661255 0.079004 0.175325
23 0.478896 0.147186 0.063853 0.190476
21 0.494048 0.389610 0.070346 0.190476
1 0.510823 0.814935 0.056277 0.166667
17 0.604978 0.194805 0.060606 0.168831
20 0.606061 0.520563 0.077922 0.179654
15 0.610390 0.718615 0.064935 0.199134
10 0.754329 0.204545 0.077922 0.179654
27 0.797078 0.390693 0.068182 0.175325
0 0.699675 0.531385 0.063853 0.179654
14 0.806818 0.590909 0.081169 0.186147
7 0.726732 0.829004 0.057359 0.173160
22 0.822511 0.810606 0.080087 0.183983
29 0.923160 0.101732 0.067100 0.177489
12 0.905303 0.292208 0.053030 0.168831
13 0.893398 0.477273 0.040043 0.183983
2 0.941017 0.698052 0.070346 0.179654
28 0.932359 0.888528 0.053030 0.192641
