14 0.111472 0.260823 0.093074 0.196970
10 0.279221 0.200216 0.082251 0.201299
29 0.397186 0.097403 0.077922 0.190476
6 0.452381 0.287879 0.080087 0.203463
17 0.609848 0.199134 0.079004 0.168831
5 0.722403 0.275974 0.076840 0.196970
15 0.832792 0.242424 0.076840 0.207792
18 0.941558 0.140693 0.090909 0.186147
26 0.945887 0.329004 0.047619 0.199134
12 0.057359 0.504329 0.071429 0.186147
19 0.074134 0.731602 0.079004 0.181818
2 0.199134 0.647186 0.075758 0.177489
28 0.154762 0.886364 0.062771 0.196970
23 0.241342 0.850649 0.071429 0.194805
27 0.237013 0.428571 0.080087 0.173160
9 0.319264 0.432900 0.067100 0.199134
1 0.366883 0.652597 0.067100 0.188312
20 0.339286 0.841991 0.079004 0.177489
11 0.444264 0.722944 0.079004 0.199134
21 0.450758 0.519481 0.074675 0.199134
22 0.550866 0.610390 0.093074 0.203463
7 0.593074 0.841991 0.069264 0.194805
0 0.654221 0.482684 0.068182 0.194805
24 0.563312 0.409091 0.074675 0.203463
4 0.704545 0.682900 0.084416 0.162338
30 0.701840 0.885281 0.076840 0.194805
3 0.790043 0.480519 0.073593 0.199134
25 0.781926 0.813853 0.055195 0.181818
13 0.923701 0.619048 0.048701 0.190476
8 0.878247 0.847403 0.081169 0.192641
