23 0.090368 0.148268 0.055195 0.153680
29 0.074675 0.404762 0.060606 0.155844
3 0.049242 0.656926 0.059524 0.166667
25 0.057900 0.887446 0.046537 0.155844
4 0.180195 0.100649 0.070346 0.149351
9 0.167749 0.465368 0.047619 0.160173
1 0.152597 0.660173 0.049784 0.142857
14 0.221320 0.812771 0.066017 0.153680
0 0.338203 0.248918 0.055195 0.151515
11 0.323052 0.435065 0.063853 0.151515
30 0.273810 0.612554 0.056277 0.160173
13 0.436688 0.295455 0.033550 0.149351
26 0.450216 0.525974 0.034632 0.155844
18 0.384199 0.762987 0.069264 0.153680
2 0.509199 0.122294 0.057359 0.153680
10 0.581710 0.391775 0.066017 0.160173
15 0.555736 0.582251 0.053030 0.160173
21 0.524351 0.772727 0.057359 0.160173
8 0.664502 0.160173 0.056277 0.151515
24 0.744048 0.262987 0.053030 0.166667
12 0.676407 0.621212 0.043290 0.147186
5 0.687771 0.901515 0.066017 0.153680
19 0.758117 0.476190 0.061688 0.151515
28 0.754329 0.692641 0.047619 0.173160
27 0.759740 0.088745 0.056277 0.147186
17 0.905303 0.133117 0.053030 0.140693
6 0.891234 0.329004 0.066017 0.151515
7 0.906926 0.490260 0.049784 0.145022
22 0.944264 0.787879 0.066017 0.155844
20 0.845779 0.863636 0.066017 0.151515
