21 0.068723 0.231602 0.072511 0.151515
15 0.050866 0.485931 0.056277 0.175325
10 0.110390 0.761905 0.075758 0.147186
6 0.112013 0.913420 0.068182 0.147186
7 0.194805 0.247835 0.049784 0.140693
22 0.256494 0.100649 0.069264 0.153680
27 0.232684 0.415584 0.060606 0.142857
13 0.210498 0.584416 0.042208 0.142857
4 0.279221 0.847403 0.067100 0.153680
14 0.327922 0.216450 0.069264 0.155844
28 0.339827 0.497835 0.049784 0.151515
18 0.356061 0.683983 0.073593 0.142857
30 0.420996 0.504329 0.058442 0.160173
1 0.426407 0.772727 0.051948 0.142857
25 0.458874 0.188312 0.054113 0.155844
0 0.502165 0.400433 0.060606 0.155844
20 0.571429 0.130952 0.060606 0.145022
2 0.630411 0.477273 0.066017 0.149351
5 0.588203 0.718615 0.061688 0.151515
9 0.637446 0.891775 0.051948 0.151515
23 0.676948 0.683983 0.053030 0.151515
24 0.709416 0.203463 0.057359 0.155844
3 0.804654 0.162338 0.070346 0.160173
19 0.768398 0.382035 0.058442 0.158009
17 0.780844 0.729437 0.053030 0.142857
11 0.732684 0.912338 0.064935 0.140693
26 0.822511 0.897186 0.038961 0.158009
8 0.896645 0.767316 0.063853 0.162338
29 0.900433 0.430736 0.054113 0.142857
12 0.895022 0.254329 0.047619 0.149351
