12 0.049242 0.130952 0.053030 0.166667
26 0.063312 0.398268 0.040043 0.181818
0 0.055195 0.590909 0.062771 0.177489
28 0.067100 0.877706 0.051948 0.175325
24 0.146645 0.261905 0.066017 0.186147
9 0.195887 0.528139 0.056277 0.186147
3 0.200758 0.813853 0.074675 0.177489
5 0.239177 0.247835 0.077922 0.179654
22 0.279221 0.462121 0.077922 0.170996
27 0.282468 0.810606 0.064935 0.175325
7 0.364177 0.182900 0.057359 0.162338
25 0.372835 0.369048 0.053030 0.179654
6 0.372294 0.764069 0.071429 0.181818
18 0.448052 0.100649 0.077922 0.175325
14 0.485390 0.459957 0.079004 0.196970
8 0.482143 0.707792 0.066017 0.173160
29 0.475108 0.889610 0.071429 0.168831
17 0.548701 0.260823 0.058442 0.170996
20 0.673701 0.234848 0.070346 0.175325
19 0.613636 0.547619 0.071429 0.173160
21 0.638528 0.862554 0.064935 0.183983
11 0.713203 0.678571 0.075758 0.170996
4 0.777597 0.121212 0.076840 0.168831
1 0.753247 0.374459 0.058442 0.164502
30 0.817100 0.575758 0.062771 0.186147
15 0.819805 0.765152 0.061688 0.183983
10 0.883117 0.177489 0.077922 0.177489
23 0.908550 0.378788 0.063853 0.186147
2 0.900974 0.669913 0.066017 0.175325
13 0.942100 0.871212 0.042208 0.179654
