15 0.123377 0.127706 0.082251 0.233766
10 0.128788 0.371212 0.095238 0.231602
20 0.102273 0.598485 0.089827 0.218615
7 0.127165 0.823593 0.072511 0.209957
27 0.199675 0.575758 0.063853 0.168831
9 0.277056 0.199134 0.073593 0.242424
2 0.295996 0.506494 0.085498 0.216450
28 0.354437 0.898268 0.048701 0.181818
24 0.368506 0.117965 0.070346 0.196970
19 0.402597 0.488095 0.088745 0.218615
4 0.427489 0.719697 0.106061 0.218615
3 0.462662 0.248918 0.085498 0.225108
29 0.517316 0.091991 0.060606 0.158009
6 0.516775 0.485931 0.091991 0.222944
8 0.528139 0.829004 0.082251 0.225108
17 0.598485 0.246753 0.075758 0.207792
18 0.633658 0.567100 0.102814 0.216450
12 0.641234 0.822511 0.063853 0.216450
22 0.712662 0.115801 0.096320 0.209957
0 0.723485 0.341991 0.081169 0.216450
5 0.767857 0.681818 0.094156 0.225108
26 0.733225 0.890693 0.040043 0.183983
25 0.819264 0.890693 0.058442 0.188312
21 0.819264 0.191558 0.080087 0.222944
13 0.853355 0.458874 0.053030 0.225108
14 0.917208 0.708874 0.098485 0.235931
30 0.903139 0.904762 0.061688 0.160173
1 0.910714 0.141775 0.068182 0.205628
23 0.932359 0.393939 0.074675 0.216450
