5 0.155844 0.081169 0.062771 0.145022
4 0.083874 0.343074 0.072511 0.149351
19 0.147727 0.395022 0.057359 0.158009
2 0.216450 0.219697 0.051948 0.153680
24 0.301948 0.252165 0.049784 0.214286
0 0.374459 0.301948 0.054113 0.170996
21 0.514610 0.262987 0.072511 0.201299
26 0.603355 0.120130 0.055195 0.166667
1 0.820346 0.111472 0.082251 0.196970
29 0.935065 0.135281 0.112554 0.175325
30 0.906926 0.362554 0.058442 0.214286
20 0.823052 0.374459 0.072511 0.164502
27 0.729437 0.374459 0.103896 0.190476
9 0.567641 0.400433 0.053030 0.147186
8 0.482143 0.555195 0.074675 0.222944
10 0.392316 0.496753 0.085498 0.192641
25 0.375541 0.652597 0.058442 0.153680
3 0.246753 0.636364 0.071429 0.186147
28 0.177489 0.680736 0.041126 0.162338
22 0.067100 0.536797 0.082251 0.181818
15 0.090368 0.695887 0.057359 0.153680
17 0.077381 0.839827 0.055195 0.138528
23 0.176407 0.834416 0.060606 0.140693
18 0.372294 0.871212 0.084416 0.175325
12 0.465368 0.861472 0.051948 0.173160
7 0.751082 0.813853 0.049784 0.160173
13 0.699134 0.562771 0.049784 0.168831
14 0.769481 0.609307 0.062771 0.183983
11 0.892857 0.560606 0.082251 0.177489
6 0.906926 0.872294 0.071429 0.173160
