28 0.056818 0.098485 0.053030 0.179654
11 0.138528 0.282468 0.090909 0.218615
23 0.061688 0.500000 0.080087 0.220779
15 0.083333 0.798701 0.086580 0.216450
4 0.181818 0.567100 0.106061 0.220779
5 0.248377 0.133117 0.102814 0.214286
0 0.294913 0.397186 0.091991 0.222944
2 0.300325 0.658009 0.085498 0.212121
18 0.242965 0.864719 0.100649 0.209957
7 0.390152 0.139610 0.072511 0.214286
29 0.459416 0.293290 0.063853 0.170996
8 0.462121 0.490260 0.077922 0.209957
9 0.400433 0.841991 0.077922 0.233766
27 0.485390 0.900433 0.068182 0.168831
12 0.542208 0.260823 0.071429 0.209957
25 0.614177 0.100649 0.057359 0.192641
22 0.577381 0.507576 0.102814 0.214286
10 0.561688 0.737013 0.095238 0.209957
1 0.693182 0.296537 0.068182 0.216450
30 0.671537 0.428571 0.061688 0.177489
17 0.672619 0.619048 0.068182 0.207792
20 0.672619 0.849567 0.087662 0.214286
26 0.739177 0.098485 0.049784 0.188312
3 0.833874 0.120130 0.091991 0.218615
24 0.787338 0.333333 0.072511 0.229437
19 0.789502 0.558442 0.085498 0.207792
13 0.773810 0.780303 0.056277 0.214286
21 0.935065 0.162338 0.090909 0.233766
6 0.930195 0.508658 0.085498 0.233766
14 0.905844 0.824675 0.101732 0.220779
