23 0.055736 0.230519 0.091991 0.261905
5 0.174242 0.287879 0.103896 0.229437
29 0.220238 0.089827 0.072511 0.175325
28 0.326299 0.099567 0.059524 0.181818
7 0.401515 0.239177 0.080087 0.231602
18 0.505411 0.141775 0.110390 0.235931
30 0.609307 0.111472 0.062771 0.196970
10 0.701299 0.233766 0.103896 0.259740
27 0.828463 0.102814 0.094156 0.188312
1 0.832251 0.311688 0.073593 0.242424
20 0.929113 0.165584 0.089827 0.235931
22 0.932359 0.399351 0.107143 0.244589
3 0.872294 0.629870 0.112554 0.242424
21 0.761905 0.558442 0.088745 0.272727
2 0.644481 0.568182 0.100649 0.253247
13 0.574134 0.351732 0.079004 0.231602
0 0.470779 0.496753 0.088745 0.253247
24 0.374459 0.494589 0.088745 0.248918
12 0.278139 0.512987 0.077922 0.246753
17 0.270563 0.291126 0.071429 0.227273
19 0.161255 0.512987 0.090909 0.238095
25 0.060606 0.496753 0.073593 0.196970
9 0.061147 0.726190 0.102814 0.248918
8 0.180195 0.757576 0.100649 0.242424
11 0.331169 0.757576 0.106061 0.259740
4 0.462662 0.747835 0.107143 0.287879
15 0.581710 0.833333 0.094156 0.255411
6 0.691558 0.824675 0.103896 0.255411
14 0.840909 0.851732 0.110390 0.244589
26 0.946429 0.858225 0.055195 0.235931
