14 0.093074 0.375541 0.056277 0.136364
30 0.120130 0.607143 0.047619 0.145022
21 0.103355 0.760823 0.053030 0.145022
24 0.241342 0.314935 0.049784 0.140693
18 0.238095 0.693723 0.058442 0.132035
8 0.186147 0.915584 0.051948 0.125541
26 0.292208 0.551948 0.025974 0.129870
15 0.311147 0.711039 0.048701 0.132035
7 0.316017 0.096320 0.041126 0.123377
4 0.326840 0.320346 0.060606 0.129870
29 0.402056 0.089827 0.053030 0.132035
3 0.440476 0.281385 0.051948 0.129870
20 0.441558 0.515152 0.054113 0.129870
2 0.477273 0.698052 0.047619 0.127706
28 0.476732 0.875541 0.040043 0.132035
11 0.564935 0.911255 0.058442 0.134199
27 0.590368 0.643939 0.050866 0.127706
17 0.588745 0.312771 0.045455 0.127706
12 0.621212 0.099567 0.038961 0.125541
23 0.685065 0.224026 0.045455 0.132035
1 0.690476 0.384199 0.043290 0.123377
9 0.705087 0.686147 0.046537 0.138528
0 0.655303 0.863636 0.048701 0.129870
10 0.740260 0.861472 0.058442 0.138528
19 0.823593 0.120130 0.051948 0.123377
6 0.826840 0.402597 0.054113 0.138528
25 0.791126 0.634199 0.041126 0.129870
22 0.841991 0.839827 0.060606 0.129870
5 0.922078 0.218615 0.056277 0.134199
13 0.922078 0.564935 0.030303 0.134199
