28 0.068723 0.243506 0.042208 0.149351
4 0.187229 0.106061 0.064935 0.138528
2 0.123918 0.506494 0.057359 0.138528
14 0.159091 0.848485 0.058442 0.147186
23 0.202922 0.630952 0.048701 0.140693
8 0.261364 0.278139 0.055195 0.145022
0 0.341991 0.472944 0.051948 0.140693
21 0.277056 0.835498 0.056277 0.147186
3 0.383117 0.873377 0.054113 0.140693
19 0.347944 0.270563 0.057359 0.134199
15 0.433983 0.529221 0.054113 0.149351
18 0.444805 0.730519 0.062771 0.132035
30 0.520022 0.228355 0.050866 0.140693
9 0.508658 0.412338 0.047619 0.140693
12 0.508658 0.643939 0.036797 0.132035
5 0.521645 0.906926 0.060606 0.134199
22 0.598485 0.722944 0.064935 0.138528
26 0.677489 0.732684 0.030303 0.136364
17 0.739719 0.857143 0.048701 0.134199
6 0.614719 0.133117 0.058442 0.140693
27 0.680195 0.262987 0.050866 0.132035
1 0.748918 0.301948 0.047619 0.136364
29 0.678030 0.523810 0.053030 0.134199
7 0.754329 0.534632 0.043290 0.129870
13 0.816558 0.716450 0.035714 0.142857
11 0.853355 0.083333 0.059524 0.136364
24 0.841450 0.340909 0.050866 0.140693
25 0.949675 0.321429 0.042208 0.136364
10 0.910173 0.623377 0.060606 0.142857
20 0.938312 0.886364 0.054113 0.140693
