17 0.068182 0.130952 0.058442 0.153680
0 0.098485 0.419913 0.060606 0.155844
18 0.150974 0.643939 0.074675 0.158009
25 0.057359 0.800866 0.047619 0.151515
22 0.214286 0.232684 0.073593 0.149351
21 0.238095 0.406926 0.067100 0.151515
15 0.260281 0.838745 0.063853 0.166667
7 0.333874 0.702381 0.048701 0.149351
28 0.322511 0.150433 0.047619 0.153680
3 0.416667 0.243506 0.058442 0.149351
13 0.362013 0.484848 0.033550 0.147186
30 0.442641 0.420996 0.058442 0.170996
11 0.359848 0.880952 0.070346 0.164502
9 0.462662 0.595238 0.050866 0.151515
20 0.446970 0.900433 0.064935 0.155844
29 0.525433 0.823593 0.063853 0.158009
24 0.547619 0.374459 0.058442 0.160173
6 0.561147 0.640693 0.066017 0.155844
4 0.687771 0.323593 0.074675 0.153680
14 0.597403 0.150433 0.069264 0.153680
10 0.686147 0.110390 0.071429 0.151515
27 0.645022 0.630952 0.062771 0.149351
1 0.653139 0.830087 0.053030 0.158009
19 0.744589 0.899351 0.064935 0.166667
8 0.795996 0.727273 0.059524 0.160173
23 0.776515 0.451299 0.061688 0.166667
26 0.867424 0.111472 0.040043 0.166667
12 0.853355 0.278139 0.048701 0.149351
5 0.893939 0.479437 0.069264 0.153680
2 0.934524 0.833333 0.059524 0.155844
