17 0.113636 0.140693 0.067100 0.186147
1 0.098485 0.339827 0.062771 0.186147
11 0.082251 0.567100 0.086580 0.207792
24 0.057359 0.870130 0.067100 0.207792
4 0.244589 0.202381 0.099567 0.214286
23 0.218074 0.554113 0.070346 0.203463
14 0.197511 0.793290 0.100649 0.205628
21 0.348485 0.114719 0.084416 0.199134
8 0.346320 0.333333 0.077922 0.190476
15 0.323593 0.586580 0.080087 0.194805
25 0.338745 0.846320 0.069264 0.212121
0 0.407468 0.620130 0.074675 0.192641
29 0.470779 0.426407 0.075758 0.212121
12 0.496212 0.233766 0.057359 0.199134
30 0.567641 0.097403 0.072511 0.177489
2 0.562771 0.523810 0.077922 0.216450
6 0.502165 0.862554 0.077922 0.192641
28 0.596861 0.846320 0.057359 0.220779
13 0.613636 0.285714 0.067100 0.207792
18 0.654221 0.462121 0.107143 0.192641
5 0.681277 0.792208 0.096320 0.199134
3 0.758658 0.261905 0.084416 0.203463
27 0.683442 0.100649 0.079004 0.179654
7 0.849026 0.252165 0.068182 0.214286
22 0.935606 0.199134 0.085498 0.190476
19 0.938312 0.408009 0.084416 0.192641
9 0.781385 0.598485 0.069264 0.222944
26 0.893398 0.603896 0.048701 0.186147
10 0.877706 0.813853 0.097403 0.199134
20 0.780303 0.890693 0.084416 0.192641
