12 0.060065 0.224026 0.059524 0.222944
18 0.198052 0.146104 0.103896 0.227273
14 0.314935 0.136364 0.097403 0.229437
26 0.424784 0.154762 0.035714 0.170996
19 0.515693 0.126623 0.085498 0.222944
6 0.698052 0.146104 0.090909 0.231602
17 0.803030 0.268398 0.064935 0.212121
5 0.939394 0.233766 0.093074 0.229437
13 0.919913 0.515152 0.047619 0.225108
21 0.940476 0.748918 0.071429 0.207792
27 0.843615 0.509740 0.057359 0.153680
3 0.832792 0.733766 0.081169 0.233766
8 0.748377 0.529221 0.083333 0.235931
15 0.630952 0.440476 0.080087 0.235931
0 0.635823 0.728355 0.076840 0.222944
23 0.728355 0.877706 0.064935 0.196970
28 0.550325 0.642857 0.042208 0.177489
30 0.550325 0.818182 0.046537 0.147186
10 0.486472 0.376623 0.094156 0.225108
7 0.455628 0.629870 0.069264 0.220779
20 0.456710 0.871212 0.095238 0.227273
2 0.354437 0.384199 0.087662 0.231602
25 0.337662 0.598485 0.051948 0.166667
11 0.327922 0.818182 0.090909 0.225108
1 0.208333 0.417749 0.066017 0.212121
22 0.110931 0.444805 0.081169 0.183983
9 0.069805 0.675325 0.074675 0.233766
4 0.219156 0.724026 0.102814 0.218615
24 0.129870 0.895022 0.056277 0.175325
29 0.045996 0.904762 0.055195 0.151515
