18 0.083333 0.190476 0.075758 0.173160
30 0.095238 0.375541 0.060606 0.175325
21 0.086580 0.575758 0.064935 0.173160
28 0.067100 0.866883 0.049784 0.175325
20 0.174242 0.116883 0.067100 0.164502
17 0.193723 0.388528 0.054113 0.158009
6 0.239719 0.734848 0.068182 0.175325
14 0.160714 0.887446 0.072511 0.173160
1 0.261905 0.556277 0.054113 0.160173
19 0.291667 0.199134 0.066017 0.164502
7 0.325216 0.463203 0.053030 0.160173
3 0.392857 0.207792 0.064935 0.164502
23 0.397186 0.546537 0.064935 0.166667
2 0.397186 0.840909 0.064935 0.166667
24 0.507035 0.109307 0.061688 0.175325
22 0.531385 0.441558 0.075758 0.173160
0 0.521104 0.795455 0.061688 0.175325
13 0.601190 0.762987 0.035714 0.170996
26 0.603896 0.113636 0.034632 0.170996
8 0.694264 0.391775 0.063853 0.168831
9 0.645563 0.559524 0.055195 0.175325
11 0.732684 0.750000 0.073593 0.170996
15 0.694805 0.150433 0.060606 0.175325
27 0.785173 0.102814 0.059524 0.158009
4 0.837121 0.288961 0.072511 0.158009
10 0.820346 0.599567 0.071429 0.168831
12 0.851190 0.780303 0.044372 0.162338
29 0.937771 0.193723 0.068182 0.166667
5 0.929113 0.436147 0.072511 0.166667
25 0.935065 0.768398 0.054113 0.173160
