29 0.052489 0.109307 0.070346 0.175325
30 0.055195 0.288961 0.056277 0.179654
23 0.054113 0.540043 0.069264 0.214286
14 0.084416 0.851732 0.093074 0.222944
27 0.140693 0.097403 0.064935 0.177489
0 0.140693 0.309524 0.077922 0.229437
2 0.156385 0.616883 0.081169 0.216450
28 0.188853 0.887446 0.048701 0.181818
19 0.237554 0.126623 0.085498 0.214286
8 0.280303 0.362554 0.082251 0.209957
17 0.255952 0.751082 0.072511 0.203463
3 0.412338 0.188312 0.084416 0.212121
1 0.404762 0.545455 0.071429 0.212121
26 0.352273 0.685065 0.040043 0.192641
22 0.336580 0.891775 0.088745 0.194805
15 0.437229 0.797619 0.077922 0.231602
13 0.541667 0.180736 0.046537 0.214286
9 0.517857 0.414502 0.072511 0.231602
5 0.574675 0.658009 0.088745 0.216450
21 0.545455 0.877706 0.077922 0.214286
20 0.638528 0.441558 0.090909 0.216450
12 0.668831 0.837662 0.060606 0.220779
11 0.704545 0.211039 0.090909 0.218615
18 0.819805 0.148268 0.098485 0.218615
4 0.761905 0.463203 0.099567 0.212121
6 0.792749 0.708874 0.089827 0.231602
24 0.849567 0.484848 0.067100 0.194805
7 0.913961 0.286797 0.068182 0.209957
25 0.938853 0.490260 0.059524 0.188312
10 0.930195 0.705628 0.096320 0.216450
