22 0.044372 0.257576 0.080087 0.164502
6 0.124459 0.269481 0.067100 0.179654
28 0.240801 0.112554 0.050866 0.177489
0 0.204545 0.406926 0.069264 0.181818
19 0.359848 0.286797 0.063853 0.183983
14 0.444264 0.250000 0.068182 0.162338
13 0.536255 0.158009 0.044372 0.164502
1 0.653680 0.147186 0.058442 0.194805
11 0.748918 0.215368 0.064935 0.170996
18 0.885281 0.137446 0.082251 0.188312
21 0.065476 0.674242 0.068182 0.166667
9 0.133658 0.783550 0.059524 0.173160
20 0.216450 0.602814 0.067100 0.166667
30 0.294372 0.603896 0.060606 0.186147
10 0.379329 0.518398 0.070346 0.170996
3 0.528139 0.461039 0.073593 0.173160
8 0.617965 0.430736 0.067100 0.160173
7 0.691558 0.502165 0.056277 0.160173
25 0.811688 0.364719 0.045455 0.162338
23 0.900974 0.375541 0.059524 0.158009
24 0.791126 0.569264 0.062771 0.168831
17 0.783550 0.738095 0.056277 0.155844
2 0.905844 0.795455 0.064935 0.196970
5 0.654221 0.748918 0.076840 0.173160
4 0.547619 0.804113 0.088745 0.166667
29 0.459957 0.676407 0.067100 0.175325
27 0.455628 0.879870 0.075758 0.158009
12 0.387987 0.765152 0.053030 0.196970
15 0.279221 0.791126 0.062771 0.158009
26 0.209957 0.814935 0.056277 0.188312
