12 0.048160 0.294372 0.044372 0.151515
21 0.092532 0.854978 0.055195 0.160173
15 0.136905 0.119048 0.050866 0.155844
0 0.130952 0.422078 0.056277 0.160173
2 0.148810 0.672078 0.055195 0.145022
6 0.213745 0.163420 0.059524 0.149351
7 0.237554 0.335498 0.046537 0.138528
26 0.258117 0.509740 0.033550 0.149351
18 0.207251 0.885281 0.068182 0.147186
22 0.377706 0.123377 0.064935 0.142857
1 0.335498 0.282468 0.045455 0.140693
29 0.422078 0.515152 0.056277 0.142857
24 0.392316 0.829004 0.053030 0.151515
4 0.527597 0.172078 0.068182 0.140693
17 0.494589 0.414502 0.047619 0.140693
14 0.605519 0.150433 0.063853 0.158009
30 0.590368 0.551948 0.055195 0.155844
10 0.555736 0.908009 0.063853 0.145022
9 0.609848 0.727273 0.053030 0.151515
23 0.676948 0.228355 0.050866 0.158009
13 0.760281 0.478355 0.035714 0.147186
11 0.687771 0.888528 0.061688 0.149351
19 0.774351 0.761905 0.059524 0.147186
25 0.810606 0.250000 0.047619 0.153680
8 0.943182 0.186147 0.055195 0.147186
28 0.948052 0.548701 0.043290 0.149351
27 0.869048 0.686147 0.054113 0.138528
5 0.954545 0.780303 0.062771 0.149351
20 0.870671 0.846320 0.059524 0.142857
3 0.889610 0.356061 0.056277 0.149351
