20 0.077381 0.097403 0.061688 0.134199
26 0.214286 0.129870 0.032468 0.155844
28 0.300325 0.209957 0.044372 0.164502
7 0.400433 0.153680 0.049784 0.151515
23 0.524351 0.245671 0.048701 0.158009
10 0.670996 0.125541 0.062771 0.147186
14 0.754329 0.163420 0.056277 0.145022
9 0.882576 0.123377 0.044372 0.142857
25 0.880952 0.359307 0.041126 0.142857
3 0.853355 0.602814 0.048701 0.145022
24 0.936147 0.586580 0.045455 0.142857
0 0.923701 0.798701 0.055195 0.147186
12 0.772727 0.854978 0.032468 0.134199
1 0.705087 0.729437 0.046537 0.138528
30 0.705628 0.883117 0.047619 0.151515
2 0.768398 0.522727 0.051948 0.140693
13 0.663420 0.325758 0.032468 0.145022
17 0.632035 0.493506 0.047619 0.134199
15 0.629329 0.712121 0.048701 0.151515
6 0.530303 0.885281 0.056277 0.142857
18 0.481061 0.717532 0.063853 0.145022
21 0.443182 0.398268 0.048701 0.151515
8 0.371753 0.564935 0.050866 0.142857
27 0.383658 0.753247 0.048701 0.134199
11 0.258117 0.844156 0.059524 0.147186
22 0.183442 0.626623 0.061688 0.136364
4 0.152597 0.889610 0.069264 0.142857
19 0.105519 0.388528 0.055195 0.136364
29 0.195887 0.329004 0.051948 0.142857
5 0.286797 0.453463 0.060606 0.140693
