27 0.056277 0.097403 0.077922 0.181818
13 0.107143 0.279221 0.060606 0.207792
25 0.056818 0.483766 0.063853 0.205628
20 0.087121 0.865801 0.085498 0.220779
7 0.147186 0.625541 0.071429 0.207792
1 0.209957 0.200216 0.073593 0.209957
30 0.288420 0.093074 0.068182 0.181818
24 0.191558 0.413420 0.075758 0.220779
14 0.311147 0.293290 0.102814 0.227273
9 0.285173 0.544372 0.079004 0.222944
2 0.201840 0.871212 0.085498 0.214286
23 0.295996 0.845238 0.085498 0.222944
26 0.383117 0.636364 0.054113 0.190476
8 0.406926 0.840909 0.080087 0.209957
4 0.443182 0.211039 0.115801 0.209957
10 0.461580 0.456710 0.100649 0.225108
28 0.488636 0.655844 0.055195 0.186147
6 0.515693 0.858225 0.087662 0.214286
19 0.564935 0.239177 0.086580 0.218615
5 0.579004 0.547619 0.095238 0.225108
3 0.683983 0.238095 0.088745 0.216450
17 0.780303 0.138528 0.075758 0.212121
12 0.896645 0.199134 0.068182 0.225108
18 0.702381 0.455628 0.106061 0.222944
11 0.675866 0.794372 0.096320 0.220779
0 0.805736 0.732684 0.089827 0.227273
15 0.824675 0.459957 0.084416 0.253247
21 0.928571 0.438312 0.093074 0.231602
29 0.918290 0.638528 0.068182 0.168831
22 0.935606 0.832251 0.098485 0.214286
