25 0.052489 0.269481 0.061688 0.179654
17 0.066558 0.470779 0.081169 0.214286
11 0.109848 0.800866 0.096320 0.225108
26 0.139069 0.593074 0.042208 0.181818
13 0.115801 0.134199 0.058442 0.229437
21 0.221861 0.135281 0.090909 0.244589
6 0.208874 0.456710 0.090909 0.229437
27 0.232143 0.653680 0.063853 0.151515
22 0.223485 0.859307 0.100649 0.212121
1 0.297619 0.411255 0.073593 0.216450
15 0.326840 0.717532 0.084416 0.231602
14 0.351190 0.167749 0.107143 0.227273
12 0.412338 0.489177 0.069264 0.225108
8 0.433983 0.814935 0.088745 0.231602
0 0.509199 0.148268 0.085498 0.218615
24 0.488636 0.359307 0.068182 0.190476
30 0.571429 0.346320 0.058442 0.164502
9 0.556818 0.557359 0.070346 0.235931
23 0.536797 0.823593 0.084416 0.231602
4 0.658009 0.254329 0.103896 0.222944
10 0.662879 0.527056 0.102814 0.235931
2 0.650974 0.872294 0.085498 0.225108
7 0.785173 0.186147 0.079004 0.220779
20 0.791126 0.481602 0.095238 0.218615
19 0.758117 0.874459 0.089827 0.220779
18 0.907468 0.124459 0.100649 0.222944
3 0.905844 0.382035 0.088745 0.244589
5 0.874459 0.706710 0.097403 0.218615
29 0.857684 0.902597 0.063853 0.155844
28 0.941017 0.905844 0.046537 0.166667
