9 0.089286 0.330087 0.066017 0.218615
30 0.067641 0.621212 0.061688 0.194805
14 0.103355 0.821429 0.087662 0.205628
4 0.154762 0.585498 0.097403 0.196970
18 0.215368 0.871212 0.095238 0.205628
19 0.135823 0.107143 0.081169 0.196970
27 0.240260 0.112554 0.073593 0.190476
7 0.257035 0.317100 0.066017 0.196970
0 0.316017 0.690476 0.077922 0.203463
29 0.314935 0.892857 0.075758 0.183983
24 0.411255 0.880952 0.073593 0.212121
28 0.411797 0.600649 0.053030 0.192641
10 0.405303 0.390693 0.091991 0.201299
3 0.342532 0.117965 0.076840 0.205628
5 0.507035 0.243506 0.089827 0.201299
21 0.548160 0.464286 0.076840 0.214286
2 0.497835 0.719697 0.075758 0.201299
11 0.632035 0.735931 0.086580 0.203463
15 0.635823 0.176407 0.072511 0.218615
8 0.665043 0.467532 0.081169 0.207792
17 0.725649 0.224026 0.070346 0.192641
1 0.764610 0.438312 0.070346 0.201299
23 0.760823 0.655844 0.073593 0.212121
12 0.761364 0.872294 0.063853 0.207792
13 0.856602 0.279221 0.048701 0.199134
22 0.937771 0.148268 0.091991 0.201299
20 0.933442 0.451299 0.085498 0.201299
6 0.869048 0.668831 0.082251 0.207792
25 0.852273 0.883117 0.066017 0.203463
26 0.947511 0.880952 0.046537 0.203463
