0 0.117965 0.124459 0.049784 0.136364
7 0.154221 0.301948 0.044372 0.127706
4 0.057900 0.481602 0.061688 0.123377
28 0.132576 0.529221 0.040043 0.140693
8 0.150974 0.849567 0.053030 0.132035
27 0.264610 0.865801 0.050866 0.129870
6 0.224026 0.715368 0.054113 0.136364
10 0.240260 0.525974 0.058442 0.138528
2 0.234848 0.220779 0.054113 0.134199
25 0.324675 0.220779 0.043290 0.138528
12 0.354437 0.617965 0.037879 0.127706
20 0.401515 0.807359 0.058442 0.134199
3 0.420996 0.466450 0.049784 0.136364
18 0.474026 0.132035 0.064935 0.142857
14 0.467532 0.331169 0.062771 0.134199
17 0.509740 0.505411 0.045455 0.127706
15 0.515152 0.675325 0.049784 0.142857
1 0.580628 0.638528 0.042208 0.125541
23 0.595779 0.285714 0.046537 0.134199
19 0.659632 0.450216 0.053030 0.138528
26 0.706169 0.120130 0.033550 0.140693
24 0.778139 0.314935 0.049784 0.145022
21 0.751623 0.651515 0.057359 0.138528
30 0.797078 0.141775 0.046537 0.140693
22 0.799784 0.515152 0.064935 0.134199
13 0.812229 0.720779 0.031385 0.134199
9 0.839827 0.901515 0.047619 0.140693
29 0.880411 0.122294 0.050866 0.136364
11 0.890152 0.508658 0.061688 0.138528
5 0.920455 0.801948 0.061688 0.136364
