14 0.094697 0.177489 0.094156 0.216450
11 0.062229 0.427489 0.089827 0.214286
0 0.122835 0.741342 0.076840 0.209957
29 0.156385 0.448052 0.068182 0.177489
1 0.260823 0.191558 0.073593 0.201299
22 0.251082 0.402597 0.093074 0.203463
15 0.227273 0.628788 0.077922 0.214286
9 0.270563 0.863636 0.077922 0.216450
25 0.369048 0.115801 0.069264 0.214286
3 0.364177 0.333333 0.085498 0.207792
6 0.377706 0.574675 0.088745 0.218615
17 0.438853 0.798701 0.070346 0.194805
20 0.490801 0.129870 0.089827 0.203463
5 0.514610 0.357143 0.094156 0.207792
13 0.533550 0.573593 0.047619 0.207792
23 0.545996 0.827922 0.074675 0.222944
4 0.646104 0.768398 0.099567 0.199134
7 0.613636 0.213203 0.064935 0.201299
19 0.620130 0.449134 0.086580 0.201299
26 0.762446 0.111472 0.040043 0.188312
2 0.726732 0.322511 0.083333 0.207792
12 0.724026 0.544372 0.062771 0.205628
21 0.856602 0.154762 0.079004 0.222944
18 0.851732 0.397186 0.097403 0.218615
27 0.806277 0.666667 0.071429 0.168831
10 0.801407 0.872294 0.089827 0.207792
28 0.949675 0.120130 0.048701 0.183983
30 0.949134 0.372294 0.060606 0.173160
8 0.898810 0.646104 0.081169 0.209957
24 0.928571 0.867965 0.077922 0.225108
