20 0.123377 0.182900 0.077922 0.196970
30 0.053030 0.343074 0.062771 0.201299
3 0.127165 0.484848 0.079004 0.199134
21 0.090368 0.792208 0.081169 0.216450
2 0.186147 0.854978 0.077922 0.199134
24 0.225649 0.538961 0.072511 0.216450
1 0.267316 0.399351 0.067100 0.188312
13 0.235931 0.143939 0.054113 0.205628
18 0.344697 0.128788 0.100649 0.192641
28 0.318182 0.603896 0.056277 0.190476
9 0.290043 0.822511 0.071429 0.212121
12 0.401515 0.887446 0.060606 0.199134
10 0.404762 0.616883 0.086580 0.199134
15 0.418290 0.409091 0.072511 0.216450
22 0.455628 0.187229 0.086580 0.205628
27 0.579004 0.101732 0.077922 0.181818
8 0.587121 0.297619 0.074675 0.205628
5 0.527597 0.506494 0.098485 0.207792
19 0.525433 0.800866 0.083333 0.207792
7 0.639069 0.533550 0.072511 0.196970
14 0.687771 0.743506 0.087662 0.196970
26 0.675325 0.113636 0.051948 0.209957
25 0.784091 0.112554 0.068182 0.199134
4 0.740260 0.316017 0.090909 0.194805
17 0.891234 0.217532 0.061688 0.196970
6 0.873918 0.515152 0.083333 0.199134
29 0.836039 0.701299 0.066017 0.168831
23 0.933442 0.819264 0.074675 0.222944
0 0.788961 0.887446 0.075758 0.194805
11 0.744048 0.537879 0.085498 0.196970
