25 0.092532 0.111472 0.085498 0.205628
4 0.071429 0.340909 0.116883 0.244589
10 0.117965 0.660173 0.110390 0.246753
26 0.067100 0.878788 0.056277 0.216450
27 0.213203 0.134199 0.097403 0.229437
19 0.257576 0.637446 0.095238 0.222944
7 0.222403 0.871212 0.079004 0.235931
30 0.308983 0.832251 0.068182 0.183983
23 0.306818 0.361472 0.083333 0.255411
0 0.208874 0.405844 0.093074 0.248918
5 0.397186 0.129870 0.110390 0.233766
11 0.419372 0.371212 0.094156 0.244589
12 0.378247 0.628788 0.072511 0.235931
17 0.391775 0.870130 0.080087 0.207792
2 0.549242 0.227273 0.096320 0.242424
28 0.518398 0.429654 0.062771 0.179654
14 0.519481 0.641775 0.121212 0.248918
22 0.505411 0.877706 0.110390 0.240260
24 0.654221 0.154762 0.074675 0.244589
20 0.639069 0.392857 0.102814 0.231602
1 0.652056 0.660173 0.100649 0.229437
21 0.616883 0.854978 0.090909 0.238095
9 0.751623 0.227273 0.098485 0.272727
8 0.749459 0.504329 0.102814 0.255411
18 0.771645 0.745671 0.110390 0.231602
3 0.886905 0.784632 0.102814 0.244589
29 0.852814 0.567100 0.071429 0.173160
27 0.840368 0.361472 0.070346 0.203463
13 0.916667 0.451299 0.071429 0.253247
6 0.917749 0.141775 0.095238 0.248918
