22 0.090368 0.119048 0.089827 0.199134
14 0.089286 0.340909 0.094156 0.218615
30 0.054113 0.641775 0.062771 0.175325
23 0.055195 0.875541 0.071429 0.209957
21 0.191017 0.152597 0.079004 0.218615
6 0.236472 0.500000 0.083333 0.220779
11 0.148268 0.685065 0.088745 0.218615
29 0.150974 0.888528 0.068182 0.175325
5 0.293831 0.261905 0.094156 0.212121
26 0.341991 0.601732 0.041126 0.199134
20 0.252165 0.875541 0.088745 0.209957
7 0.351190 0.814935 0.063853 0.205628
3 0.438853 0.183983 0.083333 0.216450
2 0.419372 0.433983 0.079004 0.209957
19 0.444805 0.668831 0.080087 0.203463
25 0.442100 0.885281 0.057359 0.199134
12 0.533009 0.822511 0.059524 0.207792
18 0.632035 0.878788 0.099567 0.212121
28 0.577381 0.606061 0.055195 0.190476
17 0.526515 0.413420 0.072511 0.207792
1 0.581169 0.246753 0.069264 0.194805
13 0.698052 0.295455 0.049784 0.214286
4 0.675325 0.649351 0.093074 0.207792
27 0.763528 0.448052 0.074675 0.190476
15 0.781926 0.835498 0.079004 0.233766
10 0.818182 0.147186 0.090909 0.216450
8 0.863095 0.441558 0.083333 0.220779
9 0.869589 0.705628 0.074675 0.225108
24 0.936688 0.879870 0.076840 0.205628
0 0.921537 0.175325 0.081169 0.216450
