25 0.117965 0.153680 0.051948 0.151515
11 0.135281 0.345238 0.067100 0.158009
5 0.069805 0.623377 0.068182 0.164502
13 0.065476 0.859307 0.037879 0.160173
21 0.156926 0.685065 0.060606 0.166667
17 0.203463 0.198052 0.049784 0.149351
1 0.242424 0.649351 0.051948 0.142857
19 0.236472 0.853896 0.063853 0.153680
10 0.298160 0.096320 0.068182 0.162338
7 0.325758 0.296537 0.051948 0.151515
20 0.321429 0.606061 0.064935 0.151515
8 0.346861 0.852814 0.057359 0.160173
18 0.417749 0.134199 0.071429 0.155844
12 0.392857 0.329004 0.043290 0.147186
22 0.430195 0.676407 0.070346 0.158009
29 0.451840 0.882035 0.063853 0.162338
23 0.472403 0.408009 0.055195 0.166667
6 0.520022 0.615801 0.066017 0.162338
3 0.495671 0.196970 0.067100 0.164502
24 0.616883 0.294372 0.056277 0.160173
9 0.591991 0.477273 0.054113 0.162338
28 0.626623 0.870130 0.049784 0.164502
0 0.698593 0.371212 0.057359 0.166667
14 0.702922 0.730519 0.066017 0.162338
27 0.757576 0.533550 0.058442 0.149351
30 0.788420 0.783550 0.055195 0.173160
26 0.794913 0.142857 0.033550 0.164502
2 0.838745 0.469697 0.060606 0.160173
4 0.917749 0.505411 0.075758 0.153680
15 0.892857 0.796537 0.054113 0.160173
