20 0.076840 0.139610 0.090909 0.222944
10 0.200216 0.127706 0.106061 0.229437
22 0.325216 0.115801 0.104978 0.209957
12 0.423160 0.187229 0.060606 0.240260
30 0.499459 0.108225 0.070346 0.194805
6 0.587121 0.253247 0.087662 0.233766
18 0.709416 0.145022 0.107143 0.220779
8 0.830628 0.175325 0.076840 0.233766
11 0.932359 0.158009 0.087662 0.238095
14 0.075216 0.386364 0.115801 0.235931
23 0.186688 0.385281 0.085498 0.251082
0 0.295455 0.358225 0.082251 0.235931
7 0.454004 0.465368 0.074675 0.229437
17 0.560065 0.610390 0.076840 0.220779
5 0.731061 0.459957 0.096320 0.248918
3 0.841450 0.476190 0.098485 0.242424
28 0.945346 0.395022 0.057359 0.218615
2 0.142857 0.633117 0.108225 0.227273
9 0.267316 0.623377 0.093074 0.225108
25 0.369589 0.641775 0.074675 0.244589
26 0.942100 0.629870 0.050866 0.229437
21 0.916126 0.845238 0.079004 0.222944
15 0.811147 0.737013 0.083333 0.244589
27 0.644481 0.882035 0.081169 0.205628
1 0.698052 0.741342 0.080087 0.222944
13 0.559524 0.873377 0.060606 0.214286
4 0.429654 0.862554 0.099567 0.205628
29 0.321970 0.883117 0.081169 0.194805
19 0.226732 0.860390 0.098485 0.209957
24 0.090368 0.866883 0.098485 0.227273
