23 0.060606 0.116883 0.077922 0.220779
20 0.069264 0.346320 0.101732 0.229437
0 0.080628 0.586580 0.087662 0.233766
7 0.089286 0.835498 0.072511 0.233766
18 0.196970 0.834416 0.112554 0.227273
1 0.165043 0.194805 0.085498 0.238095
11 0.275433 0.145022 0.102814 0.255411
8 0.238095 0.480519 0.088745 0.242424
3 0.323593 0.717532 0.093074 0.240260
19 0.346861 0.404762 0.089827 0.229437
30 0.359848 0.198052 0.053030 0.162338
6 0.451840 0.245671 0.096320 0.244589
9 0.439394 0.640693 0.077922 0.251082
22 0.466450 0.877706 0.093074 0.205628
29 0.558442 0.898268 0.069264 0.173160
13 0.571970 0.689394 0.050866 0.235931
26 0.636364 0.841991 0.047619 0.207792
2 0.550325 0.160173 0.094156 0.233766
5 0.568723 0.422078 0.104978 0.238095
24 0.675325 0.361472 0.073593 0.216450
28 0.658550 0.633117 0.050866 0.196970
15 0.729437 0.835498 0.084416 0.251082
4 0.744048 0.585498 0.107143 0.227273
14 0.727814 0.134199 0.109307 0.238095
25 0.793831 0.359307 0.061688 0.212121
12 0.851732 0.781385 0.071429 0.246753
27 0.942641 0.892857 0.075758 0.192641
21 0.938853 0.665584 0.081169 0.214286
10 0.903680 0.403680 0.101732 0.240260
17 0.898268 0.156926 0.082251 0.227273
