20 0.115801 0.108225 0.080087 0.186147
2 0.112013 0.308442 0.074675 0.188312
22 0.058442 0.670996 0.084416 0.199134
18 0.079545 0.862554 0.087662 0.179654
6 0.158009 0.685065 0.086580 0.192641
30 0.180195 0.882035 0.068182 0.205628
0 0.265693 0.746753 0.070346 0.199134
17 0.264069 0.506494 0.064935 0.194805
14 0.257576 0.147186 0.093074 0.186147
7 0.350649 0.101732 0.069264 0.190476
27 0.328463 0.334416 0.076840 0.188312
28 0.352273 0.617965 0.053030 0.201299
29 0.423701 0.250000 0.076840 0.188312
3 0.432359 0.453463 0.072511 0.188312
21 0.436147 0.662338 0.073593 0.190476
26 0.423160 0.870130 0.051948 0.207792
15 0.515693 0.883117 0.072511 0.203463
8 0.596861 0.741342 0.072511 0.201299
24 0.526515 0.506494 0.070346 0.212121
10 0.520563 0.203463 0.086580 0.194805
25 0.630411 0.215368 0.061688 0.205628
5 0.617424 0.423160 0.081169 0.196970
19 0.746753 0.404762 0.077922 0.194805
13 0.708874 0.183983 0.049784 0.203463
1 0.763528 0.674242 0.070346 0.183983
9 0.718074 0.851732 0.061688 0.214286
12 0.846861 0.771645 0.061688 0.201299
23 0.936147 0.809524 0.073593 0.203463
4 0.927489 0.569264 0.088745 0.190476
11 0.858225 0.281385 0.082251 0.207792
