7 0.057359 0.088745 0.058442 0.155844
30 0.063312 0.256494 0.059524 0.162338
28 0.130411 0.221861 0.050866 0.149351
5 0.200216 0.334416 0.067100 0.149351
6 0.270563 0.183983 0.067100 0.147186
3 0.366883 0.272727 0.060606 0.164502
27 0.582251 0.075758 0.064935 0.142857
11 0.472403 0.298701 0.072511 0.181818
15 0.564394 0.226190 0.057359 0.140693
2 0.654762 0.207792 0.056277 0.147186
0 0.790043 0.161255 0.060606 0.188312
20 0.949675 0.168831 0.061688 0.173160
24 0.889069 0.399351 0.059524 0.179654
14 0.747294 0.634199 0.083333 0.151515
4 0.626082 0.574675 0.063853 0.166667
9 0.534091 0.537879 0.055195 0.162338
23 0.340368 0.633117 0.059524 0.158009
29 0.252165 0.581169 0.064935 0.153680
22 0.171537 0.492424 0.070346 0.149351
26 0.055736 0.455628 0.042208 0.158009
8 0.050325 0.700216 0.061688 0.140693
13 0.127706 0.801948 0.054113 0.145022
18 0.067100 0.902597 0.067100 0.160173
10 0.230519 0.889610 0.082251 0.164502
1 0.433983 0.758658 0.049784 0.158009
19 0.528680 0.826840 0.061688 0.164502
25 0.660173 0.812771 0.047619 0.145022
17 0.935065 0.679654 0.054113 0.147186
21 0.809524 0.906926 0.064935 0.168831
12 0.871212 0.900433 0.036797 0.151515
