8 0.108766 0.148268 0.087662 0.227273
24 0.064935 0.350649 0.075758 0.207792
3 0.130952 0.519481 0.090909 0.229437
4 0.106061 0.751082 0.110390 0.220779
30 0.186688 0.274892 0.059524 0.168831
21 0.234307 0.469697 0.079004 0.212121
9 0.234307 0.711039 0.083333 0.231602
28 0.189394 0.904762 0.047619 0.168831
15 0.271645 0.127706 0.097403 0.246753
11 0.335498 0.427489 0.106061 0.235931
7 0.344697 0.869048 0.087662 0.222944
22 0.391234 0.653680 0.100649 0.194805
19 0.390152 0.140693 0.100649 0.238095
29 0.478896 0.086580 0.063853 0.164502
26 0.434524 0.411255 0.050866 0.173160
13 0.494048 0.286797 0.061688 0.222944
20 0.581169 0.158009 0.099567 0.225108
18 0.504870 0.621212 0.109307 0.229437
2 0.495130 0.859307 0.087662 0.220779
5 0.612554 0.517316 0.106061 0.229437
10 0.689935 0.237013 0.109307 0.253247
6 0.869048 0.141775 0.101732 0.240260
27 0.920996 0.346320 0.067100 0.164502
1 0.908009 0.546537 0.084416 0.218615
23 0.798701 0.363636 0.075758 0.212121
0 0.766234 0.594156 0.086580 0.235931
14 0.750000 0.829004 0.110390 0.225108
12 0.640152 0.788961 0.063853 0.235931
17 0.862013 0.779221 0.081169 0.233766
25 0.939394 0.900433 0.060606 0.181818
