27 0.128247 0.097403 0.072511 0.181818
23 0.145563 0.287879 0.063853 0.190476
7 0.222944 0.103896 0.064935 0.177489
8 0.058983 0.521645 0.068182 0.190476
20 0.150974 0.501082 0.076840 0.179654
4 0.151515 0.731602 0.082251 0.173160
5 0.067100 0.835498 0.075758 0.177489
10 0.230519 0.879870 0.077922 0.170996
19 0.359307 0.187229 0.075758 0.183983
18 0.304113 0.452381 0.084416 0.203463
24 0.320887 0.731602 0.063853 0.194805
9 0.421537 0.648268 0.066017 0.192641
29 0.404762 0.858225 0.073593 0.183983
21 0.441558 0.428571 0.075758 0.199134
11 0.514069 0.266234 0.080087 0.181818
30 0.538961 0.463203 0.067100 0.194805
1 0.564935 0.649351 0.058442 0.173160
28 0.495130 0.793290 0.053030 0.196970
25 0.650433 0.756494 0.067100 0.205628
17 0.622294 0.417749 0.062771 0.173160
2 0.683983 0.205628 0.071429 0.181818
3 0.724567 0.388528 0.066017 0.183983
13 0.723485 0.732684 0.050866 0.183983
0 0.838745 0.801948 0.064935 0.183983
12 0.823593 0.613636 0.062771 0.170996
22 0.818182 0.250000 0.090909 0.192641
6 0.891234 0.111472 0.068182 0.183983
15 0.917208 0.296537 0.063853 0.186147
26 0.901515 0.488095 0.045455 0.196970
14 0.939394 0.714286 0.082251 0.186147
