5 0.066558 0.117965 0.061688 0.140693
25 0.062229 0.459957 0.046537 0.149351
23 0.053030 0.778139 0.054113 0.149351
8 0.173701 0.115801 0.055195 0.149351
10 0.152597 0.286797 0.062771 0.153680
19 0.159632 0.514069 0.057359 0.140693
0 0.166126 0.859307 0.050866 0.147186
27 0.304113 0.111472 0.051948 0.145022
21 0.319264 0.333333 0.054113 0.151515
4 0.299784 0.660173 0.067100 0.147186
9 0.280303 0.821429 0.047619 0.153680
18 0.393939 0.457792 0.071429 0.149351
11 0.416667 0.887446 0.060606 0.142857
15 0.464827 0.431818 0.055195 0.149351
3 0.544372 0.113636 0.060606 0.153680
12 0.540043 0.408009 0.045455 0.140693
24 0.640693 0.259740 0.054113 0.155844
17 0.572511 0.557359 0.051948 0.145022
13 0.558442 0.819264 0.036797 0.136364
28 0.639610 0.854978 0.041126 0.155844
14 0.723485 0.483766 0.063853 0.153680
20 0.731602 0.859307 0.062771 0.142857
1 0.775974 0.286797 0.047619 0.136364
22 0.836039 0.209957 0.066017 0.151515
6 0.829004 0.610390 0.062771 0.147186
7 0.919913 0.111472 0.045455 0.140693
2 0.892857 0.502165 0.054113 0.151515
26 0.890152 0.880952 0.033550 0.151515
30 0.929113 0.306277 0.050866 0.149351
