4 0.100108 0.095238 0.087662 0.173160
28 0.163420 0.296537 0.067100 0.177489
26 0.086580 0.457792 0.056277 0.201299
24 0.069264 0.751082 0.073593 0.190476
5 0.180736 0.485931 0.095238 0.188312
15 0.159091 0.707792 0.069264 0.186147
6 0.244048 0.806277 0.091991 0.192641
12 0.263528 0.322511 0.050866 0.168831
9 0.270022 0.564935 0.061688 0.203463
2 0.370671 0.555195 0.079004 0.214286
29 0.366342 0.840909 0.079004 0.179654
1 0.389069 0.327922 0.059524 0.170996
17 0.313312 0.086580 0.059524 0.155844
20 0.406385 0.139610 0.072511 0.170996
11 0.517316 0.111472 0.077922 0.192641
13 0.500541 0.316017 0.059524 0.173160
22 0.472944 0.512987 0.080087 0.177489
18 0.489719 0.845238 0.079004 0.170996
23 0.583333 0.857143 0.069264 0.181818
0 0.631494 0.496753 0.066017 0.166667
30 0.665584 0.701299 0.062771 0.181818
8 0.656926 0.235931 0.080087 0.190476
19 0.737013 0.162338 0.075758 0.160173
25 0.714286 0.476190 0.056277 0.190476
7 0.794913 0.449134 0.059524 0.175325
21 0.784632 0.638528 0.071429 0.177489
3 0.751082 0.841991 0.084416 0.194805
27 0.841450 0.148268 0.068182 0.175325
10 0.931818 0.352814 0.075758 0.203463
14 0.875541 0.788961 0.088745 0.183983
