30 0.060606 0.125541 0.069264 0.194805
1 0.080628 0.372294 0.059524 0.168831
8 0.077381 0.585498 0.066017 0.175325
2 0.128788 0.813853 0.069264 0.181818
13 0.140152 0.156926 0.046537 0.188312
21 0.250000 0.114719 0.073593 0.194805
5 0.247294 0.339827 0.083333 0.181818
11 0.216450 0.659091 0.073593 0.179654
24 0.360931 0.112554 0.068182 0.199134
14 0.363636 0.387446 0.077922 0.186147
12 0.379329 0.619048 0.050866 0.181818
7 0.310606 0.885281 0.060606 0.177489
0 0.496753 0.149351 0.064935 0.181818
9 0.451299 0.350649 0.060606 0.190476
25 0.462662 0.639610 0.057359 0.183983
17 0.436147 0.857143 0.062771 0.173160
22 0.602814 0.258658 0.080087 0.183983
3 0.614719 0.455628 0.071429 0.183983
10 0.573593 0.674242 0.077922 0.188312
26 0.594156 0.876623 0.043290 0.190476
27 0.521104 0.870130 0.066017 0.173160
23 0.706710 0.500000 0.064935 0.190476
19 0.677489 0.772727 0.073593 0.177489
29 0.762987 0.877706 0.067100 0.179654
18 0.774351 0.220779 0.085498 0.181818
4 0.819805 0.497835 0.085498 0.173160
6 0.849567 0.745671 0.075758 0.192641
15 0.875541 0.240260 0.062771 0.190476
20 0.933983 0.439394 0.075758 0.181818
28 0.946970 0.752165 0.051948 0.192641
