2 0.082251 0.243506 0.086580 0.227273
20 0.066017 0.481602 0.095238 0.222944
29 0.049784 0.687229 0.062771 0.153680
22 0.066558 0.879870 0.094156 0.214286
25 0.181277 0.107143 0.057359 0.183983
23 0.166126 0.365801 0.076840 0.212121
3 0.144481 0.666667 0.081169 0.229437
24 0.189394 0.887446 0.071429 0.212121
28 0.271645 0.095238 0.049784 0.168831
7 0.268398 0.296537 0.073593 0.207792
18 0.258658 0.597403 0.106061 0.229437
11 0.294372 0.844156 0.095238 0.229437
17 0.365260 0.135281 0.079004 0.218615
12 0.362554 0.476190 0.069264 0.225108
6 0.454004 0.724026 0.098485 0.240260
0 0.479978 0.199134 0.083333 0.246753
15 0.490260 0.452381 0.088745 0.233766
14 0.570346 0.703463 0.099567 0.225108
10 0.639610 0.141775 0.106061 0.231602
8 0.623377 0.461039 0.088745 0.225108
26 0.669913 0.668831 0.043290 0.173160
27 0.566017 0.905844 0.064935 0.162338
30 0.643939 0.888528 0.058442 0.170996
13 0.716450 0.838745 0.047619 0.222944
19 0.747835 0.457792 0.095238 0.222944
4 0.783009 0.230519 0.113636 0.222944
5 0.825758 0.720779 0.101732 0.225108
9 0.899892 0.159091 0.076840 0.244589
1 0.892316 0.501082 0.074675 0.222944
21 0.938853 0.867965 0.087662 0.233766
