27 0.083333 0.102814 0.073593 0.188312
8 0.093074 0.309524 0.077922 0.199134
22 0.160714 0.561688 0.089827 0.201299
9 0.063853 0.695887 0.067100 0.218615
14 0.159632 0.818182 0.094156 0.212121
4 0.271645 0.655844 0.097403 0.199134
15 0.318182 0.872294 0.073593 0.212121
25 0.194805 0.126623 0.064935 0.209957
7 0.193182 0.337662 0.063853 0.203463
11 0.307359 0.177489 0.088745 0.207792
13 0.306818 0.400433 0.046537 0.207792
21 0.445887 0.148268 0.077922 0.218615
3 0.423160 0.464286 0.080087 0.201299
0 0.418831 0.805195 0.073593 0.207792
17 0.562771 0.185065 0.067100 0.192641
28 0.521104 0.445887 0.053030 0.194805
19 0.526515 0.656926 0.079004 0.201299
20 0.525974 0.878788 0.086580 0.199134
2 0.609307 0.415584 0.077922 0.207792
23 0.662879 0.159091 0.076840 0.218615
29 0.679654 0.544372 0.069264 0.179654
1 0.663961 0.780303 0.063853 0.192641
5 0.773268 0.295455 0.087662 0.205628
12 0.760823 0.619048 0.056277 0.199134
24 0.764069 0.866883 0.075758 0.214286
26 0.891775 0.119048 0.047619 0.207792
10 0.916667 0.336580 0.088745 0.205628
30 0.836039 0.508658 0.059524 0.181818
18 0.932359 0.581169 0.091991 0.205628
6 0.905844 0.821429 0.084416 0.209957
