19 0.066017 0.119048 0.064935 0.155844
20 0.061147 0.392857 0.068182 0.153680
8 0.102273 0.731602 0.061688 0.160173
15 0.185606 0.111472 0.063853 0.162338
3 0.176948 0.312771 0.066017 0.153680
28 0.181277 0.604978 0.046537 0.162338
23 0.183983 0.792208 0.058442 0.164502
1 0.331710 0.269481 0.059524 0.145022
11 0.306818 0.511905 0.068182 0.162338
13 0.288420 0.774892 0.042208 0.164502
7 0.422619 0.221861 0.048701 0.166667
12 0.394481 0.548701 0.044372 0.153680
22 0.430736 0.805195 0.071429 0.147186
24 0.503247 0.300866 0.062771 0.164502
17 0.493506 0.546537 0.049784 0.149351
30 0.512987 0.759740 0.060606 0.173160
21 0.597403 0.709957 0.058442 0.173160
0 0.637446 0.504329 0.058442 0.151515
27 0.590368 0.286797 0.061688 0.153680
5 0.612013 0.120130 0.066017 0.153680
14 0.783009 0.130952 0.070346 0.162338
4 0.811147 0.419913 0.074675 0.164502
9 0.759740 0.601732 0.058442 0.160173
2 0.712662 0.861472 0.061688 0.155844
10 0.836039 0.675325 0.068182 0.151515
29 0.851732 0.888528 0.056277 0.153680
26 0.935065 0.840909 0.045455 0.170996
25 0.893398 0.137446 0.050866 0.166667
18 0.927489 0.398268 0.077922 0.155844
6 0.931818 0.632035 0.062771 0.173160
