4 0.087662 0.291126 0.062771 0.136364
12 0.126082 0.529221 0.040043 0.136364
13 0.055736 0.793290 0.033550 0.136364
29 0.185065 0.215368 0.054113 0.136364
30 0.207251 0.461039 0.050866 0.151515
6 0.201299 0.770563 0.060606 0.147186
2 0.275974 0.874459 0.056277 0.138528
23 0.299784 0.112554 0.051948 0.142857
24 0.296537 0.345238 0.051948 0.149351
9 0.317641 0.627706 0.048701 0.147186
20 0.419372 0.201299 0.059524 0.134199
14 0.399351 0.463203 0.060606 0.142857
25 0.392316 0.669913 0.044372 0.149351
17 0.431277 0.849567 0.048701 0.136364
11 0.534632 0.081169 0.056277 0.140693
10 0.516234 0.269481 0.062771 0.140693
18 0.487013 0.630952 0.062771 0.140693
8 0.590909 0.498918 0.054113 0.136364
15 0.566558 0.832251 0.050866 0.149351
22 0.658009 0.268398 0.062771 0.134199
1 0.705087 0.593074 0.042208 0.134199
19 0.654221 0.777056 0.057359 0.134199
7 0.761364 0.865801 0.044372 0.134199
3 0.742424 0.345238 0.054113 0.145022
28 0.825216 0.279221 0.040043 0.147186
26 0.877706 0.361472 0.030303 0.142857
21 0.958874 0.156926 0.051948 0.149351
27 0.951299 0.379870 0.045455 0.132035
0 0.919913 0.598485 0.047619 0.140693
5 0.906385 0.798701 0.061688 0.138528
