17 0.126623 0.125541 0.097403 0.220779
29 0.047619 0.244589 0.067100 0.199134
25 0.054654 0.555195 0.066017 0.188312
3 0.141775 0.395022 0.088745 0.240260
14 0.292208 0.142857 0.116883 0.242424
18 0.415584 0.124459 0.112554 0.244589
6 0.419913 0.366883 0.095238 0.248918
21 0.252706 0.366883 0.107143 0.222944
22 0.215368 0.609307 0.106061 0.214286
8 0.118506 0.782468 0.091991 0.274892
15 0.255411 0.836580 0.095238 0.253247
28 0.353355 0.885281 0.061688 0.212121
13 0.422078 0.820346 0.060606 0.233766
20 0.425325 0.597403 0.106061 0.216450
0 0.531385 0.495671 0.084416 0.255411
7 0.563312 0.731602 0.089827 0.233766
1 0.563853 0.214286 0.088745 0.259740
9 0.676407 0.206710 0.086580 0.257576
27 0.620671 0.528139 0.081169 0.190476
4 0.716450 0.512987 0.108225 0.255411
11 0.682359 0.745671 0.102814 0.240260
23 0.808983 0.573593 0.074675 0.229437
5 0.809524 0.857143 0.112554 0.242424
26 0.773810 0.271645 0.049784 0.188312
2 0.862554 0.244589 0.095238 0.246753
30 0.949675 0.102814 0.074675 0.175325
24 0.939394 0.386364 0.080087 0.205628
10 0.917208 0.642857 0.124459 0.246753
19 0.925325 0.867965 0.097403 0.246753
