18 0.142857 0.203463 0.101732 0.216450
24 0.325216 0.120130 0.089827 0.214286
2 0.241342 0.335498 0.082251 0.238095
12 0.403680 0.306277 0.060606 0.231602
14 0.511364 0.147186 0.098485 0.238095
11 0.613095 0.209957 0.087662 0.220779
23 0.712662 0.181818 0.068182 0.238095
17 0.847403 0.108225 0.067100 0.190476
19 0.934524 0.198052 0.083333 0.222944
1 0.928030 0.399351 0.074675 0.175325
15 0.873377 0.548701 0.075758 0.214286
4 0.773268 0.411255 0.094156 0.216450
22 0.683442 0.556277 0.100649 0.212121
0 0.578463 0.528139 0.085498 0.229437
28 0.495130 0.358225 0.057359 0.209957
3 0.428571 0.534632 0.084416 0.216450
25 0.325216 0.453463 0.072511 0.218615
9 0.128788 0.430736 0.075758 0.220779
27 0.109307 0.652597 0.084416 0.192641
21 0.237013 0.588745 0.075758 0.220779
29 0.325216 0.656926 0.076840 0.179654
20 0.091450 0.863636 0.094156 0.212121
13 0.206710 0.845238 0.058442 0.209957
6 0.312229 0.861472 0.098485 0.225108
30 0.403680 0.885281 0.067100 0.212121
5 0.492424 0.822511 0.088745 0.225108
8 0.619048 0.826840 0.090909 0.212121
10 0.761364 0.792208 0.094156 0.233766
7 0.857143 0.766234 0.064935 0.199134
26 0.940476 0.873377 0.047619 0.231602
