14 0.066558 0.163420 0.070346 0.153680
5 0.081710 0.471861 0.066017 0.147186
26 0.049242 0.714286 0.035714 0.142857
11 0.122835 0.660173 0.068182 0.151515
9 0.161255 0.821429 0.047619 0.149351
1 0.237013 0.178571 0.060606 0.132035
0 0.271645 0.357143 0.054113 0.155844
18 0.260281 0.559524 0.072511 0.149351
4 0.312229 0.772727 0.068182 0.142857
17 0.381494 0.807359 0.053030 0.134199
30 0.377706 0.091991 0.054113 0.158009
12 0.346320 0.258658 0.038961 0.140693
15 0.373918 0.451299 0.057359 0.158009
7 0.443723 0.667749 0.054113 0.145022
6 0.496212 0.905844 0.066017 0.158009
24 0.601190 0.095238 0.057359 0.151515
8 0.550325 0.404762 0.057359 0.147186
21 0.585498 0.609307 0.058442 0.149351
23 0.599026 0.848485 0.055195 0.155844
27 0.655303 0.304113 0.061688 0.149351
28 0.663420 0.511905 0.043290 0.153680
2 0.659091 0.689394 0.058442 0.149351
13 0.687771 0.898268 0.033550 0.147186
3 0.786797 0.211039 0.062771 0.149351
25 0.786797 0.475108 0.054113 0.153680
29 0.765693 0.676407 0.063853 0.153680
20 0.873377 0.167749 0.067100 0.145022
22 0.871753 0.326840 0.068182 0.151515
10 0.885281 0.580087 0.071429 0.151515
19 0.857143 0.898268 0.060606 0.147186
