29 0.062771 0.103896 0.090909 0.181818
20 0.226190 0.153680 0.090909 0.212121
14 0.354437 0.149351 0.098485 0.229437
18 0.510823 0.232684 0.114719 0.253247
6 0.617424 0.122294 0.085498 0.218615
0 0.762446 0.256494 0.100649 0.266234
19 0.859848 0.114719 0.083333 0.220779
30 0.951299 0.112554 0.064935 0.199134
8 0.130411 0.300866 0.076840 0.220779
2 0.274892 0.392857 0.086580 0.248918
22 0.408550 0.397186 0.102814 0.227273
10 0.590909 0.540043 0.108225 0.244589
27 0.629870 0.337662 0.093074 0.199134
12 0.745671 0.534632 0.054113 0.225108
26 0.833333 0.482684 0.051948 0.225108
21 0.940476 0.321429 0.086580 0.231602
3 0.924784 0.613636 0.102814 0.240260
9 0.102814 0.536797 0.084416 0.238095
17 0.200216 0.603896 0.086580 0.203463
25 0.300325 0.621212 0.074675 0.207792
5 0.428030 0.636364 0.094156 0.216450
11 0.597944 0.781385 0.094156 0.233766
24 0.694264 0.863636 0.079004 0.229437
7 0.792208 0.841991 0.075758 0.246753
23 0.924784 0.858225 0.079004 0.231602
15 0.108225 0.856061 0.106061 0.227273
13 0.219697 0.823593 0.077922 0.222944
28 0.297619 0.848485 0.058442 0.216450
1 0.379329 0.858225 0.070346 0.205628
4 0.470238 0.863636 0.094156 0.212121
