17 0.077922 0.209957 0.071429 0.212121
30 0.052489 0.534632 0.053030 0.168831
14 0.071429 0.782468 0.099567 0.231602
2 0.139610 0.492424 0.082251 0.227273
7 0.173701 0.744589 0.070346 0.216450
24 0.212662 0.112554 0.068182 0.203463
1 0.212662 0.326840 0.068182 0.203463
28 0.243506 0.536797 0.054113 0.181818
20 0.278680 0.853896 0.094156 0.218615
5 0.320346 0.136364 0.097403 0.216450
23 0.303030 0.353896 0.071429 0.205628
13 0.321970 0.577922 0.050866 0.220779
26 0.428571 0.152597 0.041126 0.196970
12 0.414502 0.377706 0.064935 0.218615
22 0.412338 0.613636 0.097403 0.222944
9 0.380411 0.869048 0.072511 0.227273
15 0.520022 0.154762 0.076840 0.231602
25 0.500000 0.374459 0.060606 0.190476
0 0.595779 0.435065 0.079004 0.216450
3 0.528680 0.741342 0.085498 0.227273
19 0.629870 0.140693 0.088745 0.220779
10 0.656385 0.677489 0.094156 0.225108
27 0.654221 0.892857 0.072511 0.183983
18 0.770563 0.129870 0.099567 0.216450
8 0.750000 0.364719 0.084416 0.214286
29 0.760281 0.559524 0.066017 0.166667
6 0.790584 0.767316 0.091991 0.231602
4 0.913420 0.261905 0.101732 0.207792
11 0.922078 0.501082 0.093074 0.222944
21 0.926407 0.766234 0.084416 0.238095
