11 0.047078 0.142857 0.070346 0.177489
10 0.050325 0.395022 0.079004 0.175325
15 0.089286 0.766234 0.063853 0.177489
22 0.135823 0.170996 0.074675 0.168831
25 0.168831 0.520563 0.051948 0.162338
2 0.169913 0.699134 0.062771 0.160173
3 0.222403 0.218615 0.072511 0.177489
26 0.280303 0.510823 0.045455 0.186147
5 0.287338 0.770563 0.079004 0.168831
13 0.331710 0.103896 0.046537 0.173160
24 0.379329 0.870130 0.061688 0.177489
20 0.404762 0.198052 0.069264 0.166667
8 0.388528 0.398268 0.062771 0.164502
6 0.401515 0.575758 0.071429 0.168831
7 0.479978 0.497835 0.059524 0.173160
19 0.495130 0.279221 0.063853 0.164502
17 0.583333 0.094156 0.058442 0.166667
1 0.628247 0.274892 0.057359 0.155844
4 0.564935 0.790043 0.075758 0.164502
14 0.639610 0.580087 0.075758 0.164502
9 0.635281 0.895022 0.060606 0.170996
12 0.690476 0.124459 0.054113 0.166667
29 0.726732 0.519481 0.063853 0.168831
30 0.739177 0.794372 0.064935 0.186147
18 0.785173 0.237013 0.081169 0.175325
0 0.808442 0.474026 0.069264 0.173160
28 0.813312 0.712121 0.050866 0.186147
23 0.939394 0.307359 0.073593 0.177489
27 0.901515 0.624459 0.067100 0.170996
21 0.915584 0.830087 0.069264 0.188312
