18 0.073052 0.173160 0.061688 0.134199
9 0.227814 0.202381 0.046537 0.149351
26 0.302489 0.139610 0.033550 0.149351
5 0.412879 0.214286 0.059524 0.138528
30 0.508117 0.094156 0.050866 0.140693
11 0.659632 0.177489 0.055195 0.142857
20 0.760823 0.222944 0.054113 0.138528
15 0.837121 0.143939 0.046537 0.140693
17 0.914502 0.155844 0.043290 0.129870
6 0.957792 0.339827 0.051948 0.142857
14 0.831169 0.495671 0.058442 0.142857
27 0.842532 0.704545 0.048701 0.127706
10 0.704004 0.714286 0.057359 0.138528
2 0.719156 0.425325 0.050866 0.136364
25 0.746753 0.895022 0.041126 0.140693
29 0.597403 0.317100 0.049784 0.132035
13 0.532468 0.310606 0.032468 0.136364
19 0.563853 0.487013 0.051948 0.134199
12 0.559524 0.648268 0.034632 0.132035
0 0.492424 0.643939 0.049784 0.140693
3 0.643398 0.912338 0.050866 0.136364
7 0.500541 0.882035 0.042208 0.127706
4 0.372835 0.506494 0.057359 0.134199
22 0.275974 0.503247 0.058442 0.132035
21 0.328463 0.795455 0.050866 0.140693
24 0.237554 0.666667 0.042208 0.142857
1 0.247835 0.853896 0.043290 0.127706
8 0.139610 0.438312 0.049784 0.136364
28 0.065476 0.658009 0.037879 0.151515
23 0.054654 0.885281 0.048701 0.142857
