12 0.110931 0.174242 0.070346 0.240260
24 0.051407 0.398268 0.061688 0.194805
21 0.063853 0.606061 0.082251 0.207792
10 0.091450 0.857143 0.107143 0.246753
30 0.188853 0.804113 0.061688 0.170996
4 0.156385 0.557359 0.111472 0.235931
23 0.241342 0.615801 0.064935 0.188312
9 0.272186 0.841991 0.083333 0.246753
20 0.340909 0.620130 0.093074 0.205628
17 0.315476 0.395022 0.091991 0.227273
14 0.322511 0.142857 0.108225 0.238095
2 0.490801 0.207792 0.098485 0.246753
6 0.471861 0.453463 0.099567 0.248918
15 0.404762 0.844156 0.095238 0.255411
26 0.482143 0.666667 0.050866 0.177489
28 0.496212 0.892857 0.050866 0.166667
5 0.586039 0.829004 0.111472 0.242424
13 0.714827 0.845238 0.070346 0.253247
3 0.629870 0.259740 0.093074 0.238095
25 0.692641 0.095238 0.064935 0.177489
29 0.559524 0.533550 0.069264 0.149351
0 0.647727 0.530303 0.094156 0.246753
22 0.757576 0.286797 0.088745 0.192641
1 0.803030 0.136364 0.086580 0.225108
11 0.773268 0.515152 0.100649 0.242424
18 0.869048 0.816017 0.116883 0.251082
8 0.924784 0.563853 0.091991 0.244589
7 0.911797 0.298701 0.083333 0.233766
27 0.918290 0.090909 0.074675 0.151515
19 0.205087 0.283550 0.102814 0.229437
