18 0.083333 0.176407 0.099567 0.214286
8 0.102273 0.453463 0.079004 0.214286
15 0.104437 0.812771 0.076840 0.231602
1 0.219697 0.194805 0.071429 0.207792
7 0.235931 0.480519 0.069264 0.207792
6 0.251623 0.747835 0.089827 0.222944
17 0.329004 0.213203 0.071429 0.205628
12 0.344697 0.587662 0.063853 0.214286
10 0.356602 0.857143 0.102814 0.220779
30 0.403680 0.129870 0.047619 0.151515
27 0.418290 0.517316 0.066017 0.168831
3 0.457251 0.316017 0.083333 0.216450
25 0.473485 0.107143 0.059524 0.188312
11 0.591450 0.208874 0.094156 0.214286
14 0.614719 0.441558 0.097403 0.220779
5 0.517857 0.674242 0.096320 0.209957
24 0.514610 0.886364 0.068182 0.196970
26 0.620671 0.659091 0.035714 0.179654
21 0.623377 0.876623 0.077922 0.216450
13 0.724567 0.204545 0.048701 0.218615
9 0.714286 0.494589 0.075758 0.231602
4 0.717532 0.804113 0.099567 0.209957
0 0.854978 0.273810 0.082251 0.218615
20 0.817641 0.547619 0.087662 0.220779
19 0.831710 0.840909 0.083333 0.209957
23 0.935606 0.119048 0.070346 0.199134
29 0.935606 0.304113 0.057359 0.140693
22 0.924784 0.491342 0.091991 0.203463
2 0.932900 0.716450 0.086580 0.216450
28 0.931277 0.909091 0.042208 0.151515
