21 0.121753 0.254329 0.074675 0.179654
7 0.069264 0.542208 0.056277 0.170996
17 0.082251 0.810606 0.058442 0.166667
15 0.224026 0.218615 0.064935 0.181818
10 0.202381 0.591991 0.075758 0.179654
3 0.197511 0.791126 0.070346 0.170996
6 0.311688 0.106061 0.077922 0.173160
11 0.317100 0.401515 0.075758 0.175325
24 0.317641 0.632035 0.066017 0.181818
23 0.282468 0.853896 0.064935 0.179654
22 0.436147 0.108225 0.077922 0.168831
12 0.408550 0.313853 0.050866 0.173160
14 0.415584 0.680736 0.077922 0.175325
30 0.478355 0.876623 0.075758 0.186147
8 0.517316 0.104978 0.064935 0.175325
28 0.516775 0.352814 0.050866 0.186147
20 0.550325 0.611472 0.068182 0.166667
4 0.573593 0.800866 0.080087 0.173160
26 0.608225 0.128788 0.058442 0.183983
2 0.603896 0.437229 0.071429 0.168831
27 0.673701 0.588745 0.066017 0.164502
0 0.658009 0.854978 0.062771 0.173160
18 0.741883 0.274892 0.079004 0.173160
5 0.780303 0.534632 0.082251 0.181818
25 0.759740 0.779221 0.060606 0.177489
1 0.863636 0.099567 0.064935 0.164502
9 0.891234 0.314935 0.055195 0.183983
29 0.908009 0.520563 0.067100 0.175325
19 0.862013 0.771645 0.070346 0.179654
13 0.932900 0.708874 0.045455 0.179654
