12 0.106061 0.217532 0.064935 0.196970
0 0.075758 0.475108 0.069264 0.175325
4 0.076840 0.760823 0.101732 0.209957
22 0.172078 0.854978 0.095238 0.186147
24 0.224567 0.580087 0.068182 0.199134
5 0.274892 0.864719 0.086580 0.192641
8 0.330087 0.606061 0.069264 0.212121
29 0.251623 0.314935 0.074675 0.183983
17 0.173701 0.391775 0.057359 0.177489
20 0.201299 0.129870 0.086580 0.190476
10 0.373377 0.230519 0.093074 0.196970
27 0.415043 0.456710 0.074675 0.177489
7 0.436688 0.766234 0.068182 0.190476
28 0.473485 0.230519 0.061688 0.196970
2 0.555195 0.186147 0.080087 0.181818
3 0.502706 0.469697 0.074675 0.168831
13 0.529221 0.788961 0.058442 0.188312
21 0.590909 0.530303 0.064935 0.220779
15 0.643939 0.779221 0.071429 0.190476
30 0.648810 0.113636 0.070346 0.205628
9 0.630411 0.324675 0.070346 0.190476
25 0.687771 0.569264 0.068182 0.168831
6 0.742424 0.808442 0.073593 0.196970
11 0.731602 0.283550 0.077922 0.186147
23 0.816558 0.101732 0.070346 0.190476
26 0.785173 0.478355 0.050866 0.181818
18 0.883658 0.608225 0.083333 0.186147
14 0.866342 0.888528 0.081169 0.179654
19 0.900974 0.341991 0.074675 0.181818
1 0.917208 0.114719 0.068182 0.177489
