27 0.057900 0.100649 0.072511 0.175325
9 0.062771 0.307359 0.069264 0.207792
21 0.064935 0.532468 0.082251 0.212121
20 0.067100 0.883117 0.086580 0.203463
25 0.178030 0.888528 0.061688 0.192641
18 0.163961 0.678571 0.094156 0.205628
12 0.146104 0.115801 0.058442 0.205628
28 0.232684 0.150433 0.054113 0.188312
8 0.208874 0.450216 0.080087 0.212121
4 0.290584 0.719697 0.100649 0.196970
29 0.357684 0.906926 0.072511 0.173160
7 0.312771 0.192641 0.073593 0.199134
17 0.316017 0.424242 0.073593 0.199134
11 0.415043 0.235931 0.087662 0.207792
10 0.462121 0.516234 0.093074 0.222944
0 0.444264 0.740260 0.081169 0.212121
6 0.574134 0.126623 0.094156 0.222944
19 0.569805 0.354978 0.087662 0.203463
22 0.610390 0.569264 0.095238 0.190476
24 0.536255 0.851732 0.074675 0.214286
5 0.636364 0.781385 0.095238 0.203463
26 0.767857 0.884199 0.046537 0.201299
3 0.779221 0.675325 0.082251 0.199134
13 0.877706 0.832251 0.049784 0.205628
30 0.951299 0.822511 0.060606 0.177489
14 0.894481 0.264069 0.096320 0.216450
15 0.903680 0.598485 0.088745 0.227273
1 0.714827 0.438312 0.072511 0.196970
23 0.800866 0.448052 0.073593 0.207792
2 0.736472 0.158009 0.085498 0.207792
