7 0.061147 0.531385 0.048701 0.145022
30 0.064394 0.698052 0.055195 0.162338
14 0.120130 0.878788 0.067100 0.160173
22 0.121753 0.252165 0.072511 0.158009
11 0.167749 0.093074 0.067100 0.155844
15 0.150974 0.508658 0.057359 0.160173
1 0.290043 0.846320 0.051948 0.151515
0 0.250541 0.508658 0.055195 0.160173
23 0.305736 0.138528 0.055195 0.164502
20 0.358225 0.306277 0.062771 0.153680
10 0.343615 0.664502 0.068182 0.160173
28 0.377165 0.858225 0.046537 0.166667
18 0.406926 0.139610 0.071429 0.158009
26 0.453463 0.412338 0.036797 0.158009
5 0.454545 0.586580 0.064935 0.147186
8 0.528139 0.876623 0.058442 0.160173
19 0.524892 0.154762 0.060606 0.149351
6 0.528139 0.393939 0.064935 0.160173
17 0.598485 0.678571 0.056277 0.145022
3 0.680195 0.858225 0.063853 0.153680
24 0.641775 0.272727 0.056277 0.168831
12 0.709957 0.400433 0.047619 0.155844
2 0.722944 0.655844 0.062771 0.160173
29 0.753788 0.836580 0.057359 0.158009
4 0.744048 0.212121 0.070346 0.151515
25 0.829545 0.154762 0.050866 0.158009
9 0.853896 0.417749 0.051948 0.168831
21 0.942100 0.363636 0.063853 0.168831
27 0.944264 0.535714 0.057359 0.149351
13 0.904221 0.846320 0.035714 0.160173
