4 0.060606 0.084416 0.077922 0.155844
7 0.151515 0.112554 0.054113 0.164502
28 0.257576 0.182900 0.054113 0.192641
2 0.357684 0.124459 0.059524 0.179654
8 0.433442 0.277056 0.057359 0.181818
25 0.524351 0.119048 0.059524 0.181818
13 0.596861 0.168831 0.033550 0.155844
23 0.666126 0.160173 0.053030 0.177489
20 0.771645 0.224026 0.067100 0.188312
18 0.896645 0.119048 0.074675 0.190476
10 0.053571 0.393939 0.081169 0.186147
24 0.175866 0.363636 0.057359 0.181818
0 0.345238 0.376623 0.060606 0.177489
27 0.898810 0.347403 0.074675 0.170996
21 0.749459 0.432900 0.057359 0.199134
5 0.897727 0.562771 0.068182 0.151515
1 0.482143 0.518398 0.063853 0.170996
26 0.400974 0.581169 0.044372 0.170996
30 0.239177 0.567100 0.064935 0.186147
15 0.152597 0.544372 0.071429 0.166667
29 0.044372 0.626623 0.073593 0.170996
11 0.629329 0.510823 0.068182 0.186147
17 0.045996 0.847403 0.066017 0.175325
9 0.170996 0.808442 0.062771 0.188312
3 0.332792 0.899351 0.079004 0.192641
14 0.411797 0.895022 0.068182 0.166667
12 0.544372 0.785714 0.056277 0.207792
19 0.766234 0.788961 0.069264 0.183983
6 0.871753 0.716450 0.072511 0.168831
22 0.946970 0.740260 0.080087 0.181818
