8 0.125000 0.165584 0.063853 0.175325
25 0.052489 0.360390 0.063853 0.175325
0 0.057900 0.672078 0.072511 0.179654
9 0.133658 0.435065 0.068182 0.194805
20 0.124459 0.884199 0.080087 0.179654
6 0.239177 0.108225 0.071429 0.177489
23 0.209957 0.348485 0.075758 0.190476
11 0.232684 0.599567 0.077922 0.186147
26 0.242424 0.872294 0.054113 0.186147
12 0.337121 0.312771 0.063853 0.179654
21 0.393398 0.556277 0.070346 0.199134
3 0.370671 0.783550 0.076840 0.194805
27 0.436688 0.292208 0.068182 0.177489
30 0.468074 0.807359 0.068182 0.199134
4 0.500541 0.597403 0.085498 0.173160
13 0.534632 0.158009 0.056277 0.190476
29 0.550866 0.339827 0.067100 0.173160
5 0.606061 0.525974 0.077922 0.181818
28 0.583333 0.765152 0.051948 0.201299
7 0.642316 0.165584 0.066017 0.192641
17 0.684524 0.525974 0.061688 0.186147
15 0.661797 0.827922 0.066017 0.188312
10 0.772186 0.377706 0.079004 0.183983
22 0.779221 0.591991 0.080087 0.166667
19 0.818723 0.790043 0.068182 0.173160
1 0.852814 0.125541 0.056277 0.177489
24 0.930195 0.173160 0.063853 0.190476
18 0.927489 0.375541 0.077922 0.170996
2 0.897186 0.571429 0.064935 0.164502
14 0.917208 0.856061 0.096320 0.188312
