29 0.049784 0.104978 0.090909 0.188312
30 0.057359 0.418831 0.084416 0.201299
13 0.127165 0.279221 0.059524 0.186147
20 0.128788 0.611472 0.101732 0.209957
11 0.077381 0.812771 0.083333 0.205628
0 0.270022 0.231602 0.070346 0.194805
24 0.220238 0.435065 0.074675 0.194805
10 0.251082 0.650433 0.084416 0.192641
5 0.217532 0.860390 0.097403 0.205628
9 0.383117 0.142857 0.082251 0.220779
27 0.313853 0.426407 0.086580 0.194805
8 0.369048 0.627706 0.071429 0.190476
19 0.348485 0.850649 0.082251 0.186147
14 0.488095 0.112554 0.093074 0.199134
18 0.420455 0.382035 0.079004 0.183983
4 0.518939 0.334416 0.100649 0.188312
25 0.556277 0.544372 0.077922 0.196970
15 0.480519 0.726190 0.071429 0.214286
3 0.577381 0.747835 0.087662 0.188312
1 0.635281 0.121212 0.084416 0.181818
22 0.648268 0.331169 0.093074 0.194805
7 0.659091 0.530303 0.071429 0.186147
26 0.739719 0.127706 0.048701 0.199134
21 0.752165 0.531385 0.082251 0.218615
12 0.735390 0.759740 0.059524 0.194805
6 0.827922 0.264069 0.093074 0.207792
2 0.871212 0.547619 0.088745 0.220779
17 0.894481 0.833333 0.074675 0.199134
23 0.916126 0.314935 0.068182 0.214286
28 0.931818 0.109307 0.071429 0.196970
