21 0.071970 0.128788 0.081169 0.235931
18 0.081710 0.431818 0.109307 0.244589
11 0.116342 0.741342 0.100649 0.235931
28 0.050866 0.897186 0.043290 0.145022
29 0.174784 0.080087 0.050866 0.138528
6 0.179113 0.273810 0.094156 0.235931
17 0.222403 0.553030 0.079004 0.227273
23 0.208874 0.877706 0.073593 0.214286
0 0.294913 0.228355 0.083333 0.227273
5 0.350649 0.484848 0.099567 0.229437
4 0.308983 0.798701 0.107143 0.225108
27 0.386364 0.917749 0.054113 0.147186
13 0.419372 0.172078 0.050866 0.227273
24 0.478355 0.331169 0.071429 0.199134
15 0.479978 0.571429 0.083333 0.246753
10 0.480519 0.852814 0.101732 0.233766
20 0.558983 0.123377 0.091991 0.220779
1 0.573052 0.349567 0.076840 0.209957
30 0.560065 0.502165 0.053030 0.142857
8 0.600108 0.703463 0.085498 0.238095
26 0.607684 0.905844 0.040043 0.162338
9 0.702922 0.255411 0.074675 0.238095
2 0.715909 0.525974 0.085498 0.229437
14 0.745130 0.771645 0.100649 0.240260
12 0.826840 0.142857 0.069264 0.229437
22 0.814394 0.377706 0.096320 0.205628
19 0.925325 0.211039 0.090909 0.231602
7 0.912338 0.464286 0.071429 0.222944
25 0.833333 0.568182 0.054113 0.166667
3 0.877706 0.777056 0.088745 0.238095
