24 0.135823 0.125541 0.059524 0.177489
5 0.227273 0.106061 0.071429 0.164502
1 0.394481 0.141775 0.050866 0.162338
11 0.534091 0.251082 0.068182 0.173160
4 0.715909 0.274892 0.076840 0.164502
23 0.838203 0.285714 0.059524 0.181818
29 0.911797 0.106061 0.061688 0.168831
10 0.937229 0.334416 0.067100 0.170996
28 0.951840 0.533550 0.044372 0.183983
25 0.841450 0.580087 0.048701 0.164502
21 0.747835 0.656926 0.062771 0.179654
15 0.882035 0.788961 0.056277 0.179654
9 0.788961 0.869048 0.058442 0.179654
13 0.673160 0.764069 0.036797 0.168831
2 0.644481 0.481602 0.063853 0.170996
27 0.545996 0.444805 0.063853 0.158009
7 0.562229 0.636364 0.055195 0.168831
17 0.552489 0.892857 0.055195 0.158009
26 0.412338 0.329004 0.034632 0.177489
0 0.407468 0.620130 0.057359 0.166667
3 0.450216 0.862554 0.062771 0.166667
22 0.348485 0.862554 0.071429 0.166667
12 0.283009 0.637446 0.044372 0.162338
14 0.300325 0.334416 0.072511 0.175325
19 0.168831 0.352814 0.064935 0.164502
6 0.180195 0.650433 0.068182 0.179654
30 0.242424 0.876623 0.056277 0.177489
18 0.146104 0.892857 0.075758 0.170996
8 0.054654 0.344156 0.063853 0.168831
20 0.054113 0.653680 0.069264 0.164502
