24 0.064935 0.113636 0.058442 0.188312
20 0.165043 0.179654 0.072511 0.177489
25 0.323052 0.107143 0.057359 0.175325
0 0.435065 0.232684 0.060606 0.188312
21 0.534632 0.130952 0.067100 0.201299
14 0.693182 0.129870 0.079004 0.186147
29 0.817100 0.091991 0.058442 0.162338
8 0.936688 0.198052 0.063853 0.183983
1 0.840909 0.275974 0.054113 0.170996
4 0.298701 0.309524 0.082251 0.173160
15 0.076299 0.449134 0.063853 0.196970
7 0.161797 0.541126 0.055195 0.181818
23 0.271645 0.509740 0.062771 0.196970
18 0.423701 0.555195 0.083333 0.183983
30 0.521104 0.334416 0.048701 0.162338
5 0.607684 0.331169 0.074675 0.177489
17 0.588745 0.522727 0.056277 0.170996
3 0.724567 0.456710 0.066017 0.181818
26 0.826840 0.479437 0.041126 0.192641
13 0.902056 0.517316 0.037879 0.194805
11 0.780303 0.688312 0.075758 0.181818
10 0.925325 0.850649 0.073593 0.186147
27 0.814394 0.883117 0.063853 0.173160
2 0.690476 0.726190 0.069264 0.179654
22 0.597403 0.796537 0.073593 0.181818
6 0.500000 0.798701 0.071429 0.186147
9 0.368506 0.882035 0.057359 0.188312
12 0.265152 0.746753 0.049784 0.181818
28 0.204004 0.895022 0.044372 0.170996
19 0.108766 0.805195 0.066017 0.181818
