17 0.128788 0.231602 0.067100 0.194805
30 0.058442 0.367965 0.069264 0.190476
11 0.074675 0.598485 0.090909 0.196970
1 0.091450 0.824675 0.066017 0.186147
28 0.209957 0.363636 0.056277 0.190476
4 0.192100 0.606061 0.091991 0.186147
18 0.183983 0.854978 0.090909 0.199134
10 0.288961 0.172078 0.093074 0.205628
3 0.292749 0.487013 0.081169 0.199134
5 0.367965 0.751082 0.090909 0.199134
20 0.389069 0.548701 0.083333 0.192641
13 0.405303 0.283550 0.046537 0.194805
29 0.473485 0.109307 0.068182 0.183983
6 0.516234 0.333333 0.082251 0.203463
2 0.535714 0.664502 0.075758 0.190476
14 0.521645 0.883117 0.093074 0.203463
24 0.570346 0.116883 0.080087 0.207792
26 0.632035 0.511905 0.051948 0.214286
25 0.617965 0.778139 0.058442 0.196970
0 0.673160 0.275974 0.073593 0.201299
21 0.721861 0.531385 0.077922 0.209957
8 0.720238 0.863636 0.074675 0.194805
9 0.753788 0.146104 0.068182 0.205628
15 0.828463 0.389610 0.076840 0.207792
12 0.817100 0.602814 0.058442 0.196970
7 0.838203 0.809524 0.066017 0.186147
27 0.840909 0.104978 0.073593 0.188312
22 0.932359 0.295455 0.089827 0.192641
23 0.926948 0.527056 0.070346 0.209957
19 0.930195 0.786797 0.081169 0.196970
