9 0.107684 0.101732 0.048701 0.155844
23 0.232143 0.132035 0.053030 0.151515
6 0.366883 0.214286 0.058442 0.155844
3 0.508117 0.269481 0.053030 0.145022
19 0.567100 0.106061 0.056277 0.147186
26 0.713745 0.164502 0.029221 0.155844
4 0.785173 0.115801 0.066017 0.145022
21 0.875541 0.137446 0.054113 0.162338
15 0.948593 0.235931 0.050866 0.151515
17 0.939935 0.575758 0.046537 0.142857
20 0.899351 0.792208 0.060606 0.151515
27 0.838745 0.624459 0.054113 0.140693
5 0.809524 0.406926 0.062771 0.147186
18 0.682900 0.484848 0.067100 0.147186
18 0.739177 0.781385 0.056277 0.142857
11 0.598485 0.886364 0.064935 0.158009
13 0.607684 0.635281 0.029221 0.149351
22 0.585498 0.418831 0.060606 0.145022
25 0.472403 0.489177 0.046537 0.147186
7 0.498377 0.750000 0.046537 0.145022
30 0.422078 0.665584 0.047619 0.166667
1 0.356602 0.456710 0.044372 0.134199
24 0.338745 0.683983 0.047619 0.151515
29 0.275433 0.411255 0.057359 0.147186
12 0.199675 0.587662 0.040043 0.145022
0 0.215368 0.819264 0.054113 0.149351
10 0.179654 0.314935 0.060606 0.145022
28 0.076299 0.321429 0.046537 0.158009
8 0.106602 0.530303 0.055195 0.142857
14 0.129870 0.844156 0.062771 0.147186
