14 0.113636 0.164502 0.101732 0.229437
28 0.056818 0.374459 0.048701 0.173160
30 0.053571 0.566017 0.059524 0.175325
23 0.053030 0.884199 0.069264 0.201299
8 0.153680 0.821429 0.086580 0.231602
0 0.139610 0.514069 0.086580 0.222944
19 0.229437 0.125541 0.088745 0.220779
21 0.232684 0.369048 0.084416 0.214286
25 0.231602 0.581169 0.054113 0.183983
27 0.322511 0.107143 0.067100 0.166667
3 0.333874 0.316017 0.089827 0.225108
12 0.319264 0.562771 0.064935 0.220779
6 0.324134 0.835498 0.091991 0.233766
11 0.419913 0.128788 0.095238 0.231602
15 0.444264 0.505411 0.083333 0.240260
5 0.462662 0.862554 0.098485 0.231602
18 0.598485 0.132035 0.106061 0.225108
2 0.576840 0.371212 0.084416 0.222944
1 0.613636 0.748918 0.077922 0.212121
22 0.569805 0.887446 0.094156 0.190476
29 0.694805 0.106061 0.067100 0.160173
9 0.693182 0.420996 0.074675 0.235931
13 0.734848 0.680736 0.054113 0.235931
24 0.707792 0.889610 0.067100 0.190476
7 0.783009 0.200216 0.074675 0.214286
26 0.791667 0.412338 0.037879 0.179654
4 0.870130 0.616883 0.108225 0.216450
17 0.834957 0.846320 0.076840 0.212121
20 0.935065 0.847403 0.088745 0.214286
10 0.892857 0.243506 0.103896 0.227273
