9 0.043831 0.175325 0.046537 0.134199
3 0.069264 0.511905 0.051948 0.132035
4 0.090368 0.799784 0.061688 0.127706
25 0.132576 0.343074 0.042208 0.132035
8 0.145022 0.608225 0.054113 0.138528
5 0.205628 0.324675 0.058442 0.134199
6 0.270563 0.635281 0.054113 0.132035
20 0.364177 0.359307 0.057359 0.129870
12 0.416126 0.788961 0.037879 0.127706
29 0.384740 0.617965 0.050866 0.132035
11 0.402056 0.119048 0.053030 0.134199
14 0.504329 0.120130 0.056277 0.132035
0 0.478896 0.312771 0.048701 0.132035
13 0.498918 0.481602 0.032468 0.132035
2 0.492424 0.810606 0.049784 0.132035
22 0.558983 0.920996 0.061688 0.132035
26 0.665584 0.112554 0.030303 0.138528
10 0.610390 0.682900 0.062771 0.132035
24 0.678571 0.876623 0.049784 0.142857
15 0.744048 0.895022 0.048701 0.145022
27 0.760281 0.686147 0.046537 0.129870
23 0.696970 0.365801 0.047619 0.134199
30 0.745130 0.510823 0.044372 0.134199
21 0.807359 0.087662 0.047619 0.136364
18 0.804654 0.282468 0.059524 0.136364
7 0.826840 0.420996 0.041126 0.127706
28 0.936147 0.428571 0.038961 0.142857
1 0.876623 0.632035 0.045455 0.129870
17 0.851732 0.781385 0.045455 0.129870
19 0.912338 0.843074 0.049784 0.123377
