24 0.103896 0.116883 0.095238 0.225108
1 0.113636 0.337662 0.084416 0.207792
2 0.113636 0.554113 0.080087 0.212121
13 0.117965 0.808442 0.062771 0.218615
18 0.228355 0.129870 0.103896 0.220779
0 0.227814 0.464286 0.085498 0.231602
29 0.214827 0.672078 0.076840 0.179654
17 0.201299 0.867965 0.077922 0.203463
15 0.396104 0.163420 0.097403 0.218615
10 0.378788 0.414502 0.101732 0.214286
23 0.322511 0.639610 0.095238 0.222944
6 0.338745 0.882035 0.088745 0.227273
14 0.451299 0.764069 0.095238 0.229437
9 0.515152 0.518398 0.097403 0.248918
22 0.498918 0.123377 0.106061 0.203463
28 0.603896 0.108225 0.060606 0.199134
7 0.590368 0.321429 0.074675 0.231602
30 0.600108 0.598485 0.066017 0.201299
8 0.627706 0.803030 0.084416 0.225108
4 0.682900 0.550866 0.097403 0.227273
26 0.682359 0.350649 0.057359 0.207792
19 0.689394 0.136364 0.082251 0.212121
25 0.786797 0.221861 0.071429 0.201299
11 0.795455 0.444805 0.097403 0.214286
27 0.838745 0.658009 0.080087 0.203463
12 0.755411 0.841991 0.064935 0.229437
5 0.885823 0.854978 0.104978 0.216450
21 0.933983 0.620130 0.080087 0.231602
3 0.924242 0.386364 0.090909 0.222944
20 0.883658 0.115801 0.104978 0.209957
