25 0.064394 0.106061 0.059524 0.173160
5 0.162879 0.248918 0.072511 0.212121
23 0.267316 0.128788 0.077922 0.201299
6 0.393939 0.226190 0.077922 0.209957
9 0.528680 0.132035 0.072511 0.207792
7 0.670996 0.243506 0.067100 0.201299
28 0.775974 0.228355 0.054113 0.201299
17 0.855519 0.174242 0.070346 0.214286
24 0.938312 0.241342 0.062771 0.222944
10 0.929654 0.468615 0.088745 0.214286
14 0.797619 0.510823 0.080087 0.207792
1 0.688312 0.480519 0.067100 0.181818
26 0.634740 0.645022 0.055195 0.199134
13 0.547078 0.669913 0.063853 0.205628
29 0.560606 0.323593 0.077922 0.179654
2 0.471320 0.522727 0.076840 0.196970
22 0.406385 0.676407 0.096320 0.209957
18 0.299242 0.334416 0.096320 0.201299
15 0.295996 0.540043 0.072511 0.205628
20 0.176948 0.530303 0.083333 0.199134
30 0.071429 0.346320 0.073593 0.220779
12 0.089827 0.574675 0.062771 0.201299
3 0.069805 0.772727 0.087662 0.212121
8 0.227273 0.769481 0.084416 0.196970
0 0.372835 0.884199 0.087662 0.214286
19 0.508658 0.882035 0.071429 0.201299
11 0.630411 0.883117 0.087662 0.186147
4 0.753247 0.822511 0.084416 0.212121
27 0.848485 0.806277 0.073593 0.201299
21 0.946970 0.726190 0.075758 0.240260
