21 0.090909 0.116883 0.095238 0.225108
22 0.198593 0.112554 0.098485 0.181818
7 0.102814 0.340909 0.088745 0.235931
30 0.053030 0.515152 0.062771 0.173160
12 0.058442 0.725108 0.069264 0.229437
10 0.191558 0.699134 0.101732 0.238095
24 0.123377 0.886364 0.064935 0.183983
27 0.199134 0.906926 0.080087 0.151515
19 0.303030 0.869048 0.090909 0.227273
23 0.287338 0.607143 0.070346 0.201299
2 0.242424 0.323593 0.095238 0.227273
14 0.354978 0.126623 0.108225 0.248918
11 0.375000 0.387446 0.102814 0.259740
4 0.398810 0.663420 0.109307 0.235931
25 0.483766 0.681818 0.045455 0.173160
20 0.478355 0.877706 0.084416 0.214286
8 0.489719 0.285714 0.091991 0.259740
1 0.562771 0.566017 0.090909 0.227273
13 0.567100 0.813853 0.069264 0.242424
29 0.567641 0.089827 0.079004 0.166667
9 0.634199 0.292208 0.086580 0.242424
9 0.732684 0.192641 0.084416 0.242424
3 0.861472 0.178571 0.103896 0.274892
26 0.958333 0.106061 0.040043 0.160173
28 0.956710 0.279221 0.054113 0.168831
18 0.927489 0.488095 0.108225 0.244589
5 0.877165 0.757576 0.107143 0.238095
0 0.811688 0.451299 0.086580 0.240260
15 0.707792 0.569264 0.082251 0.242424
6 0.726190 0.835498 0.110390 0.242424
