9 0.058442 0.260823 0.069264 0.196970
13 0.094156 0.494589 0.047619 0.170996
28 0.068723 0.837662 0.048701 0.181818
19 0.166126 0.790043 0.063853 0.173160
30 0.179654 0.429654 0.062771 0.175325
7 0.196970 0.235931 0.049784 0.164502
10 0.280844 0.356061 0.074675 0.166667
20 0.267316 0.558442 0.067100 0.155844
18 0.267316 0.811688 0.073593 0.168831
5 0.345238 0.741342 0.067100 0.162338
25 0.354978 0.545455 0.056277 0.164502
12 0.382035 0.261905 0.058442 0.164502
2 0.439935 0.560606 0.061688 0.160173
29 0.431818 0.784632 0.062771 0.162338
26 0.517316 0.686147 0.045455 0.181818
0 0.564935 0.880952 0.062771 0.173160
6 0.512446 0.273810 0.066017 0.166667
24 0.547619 0.101732 0.056277 0.160173
27 0.594156 0.313853 0.064935 0.160173
23 0.593074 0.501082 0.058442 0.179654
4 0.648268 0.791126 0.077922 0.175325
3 0.691017 0.612554 0.072511 0.164502
15 0.690476 0.371212 0.069264 0.175325
1 0.711039 0.174242 0.062771 0.170996
11 0.825758 0.313853 0.073593 0.199134
17 0.850108 0.090909 0.061688 0.160173
8 0.948052 0.254329 0.067100 0.175325
21 0.919913 0.445887 0.073593 0.177489
14 0.811147 0.756494 0.072511 0.175325
22 0.930195 0.884199 0.081169 0.175325
