13 0.093615 0.205628 0.046537 0.203463
3 0.121753 0.444805 0.081169 0.201299
27 0.082792 0.646104 0.066017 0.179654
17 0.088203 0.837662 0.066017 0.186147
12 0.195346 0.241342 0.057359 0.196970
7 0.276515 0.444805 0.063853 0.183983
18 0.203463 0.704545 0.095238 0.201299
30 0.175325 0.896104 0.064935 0.181818
29 0.260823 0.901515 0.071429 0.170996
6 0.344156 0.756494 0.082251 0.201299
14 0.317641 0.167749 0.087662 0.205628
5 0.454545 0.205628 0.084416 0.203463
9 0.405844 0.474026 0.069264 0.212121
25 0.435606 0.876623 0.061688 0.190476
4 0.520022 0.590909 0.089827 0.190476
8 0.528680 0.878788 0.072511 0.199134
26 0.554654 0.139610 0.044372 0.188312
24 0.546537 0.367965 0.067100 0.199134
10 0.645022 0.239177 0.088745 0.201299
22 0.653139 0.491342 0.091991 0.199134
20 0.670455 0.862554 0.083333 0.205628
23 0.766234 0.879870 0.069264 0.214286
1 0.871753 0.830087 0.066017 0.188312
2 0.775433 0.663420 0.079004 0.205628
19 0.909632 0.562771 0.079004 0.194805
11 0.937229 0.352814 0.082251 0.194805
28 0.849026 0.316017 0.053030 0.181818
15 0.860931 0.115801 0.072511 0.205628
21 0.750000 0.176407 0.080087 0.205628
0 0.760823 0.408009 0.073593 0.205628
