27 0.058983 0.288961 0.074675 0.188312
9 0.095238 0.493506 0.062771 0.203463
30 0.057359 0.690476 0.062771 0.181818
3 0.116342 0.833333 0.074675 0.190476
2 0.221320 0.273810 0.074675 0.188312
1 0.194805 0.639610 0.062771 0.183983
24 0.206169 0.869048 0.072511 0.201299
10 0.305736 0.389610 0.083333 0.194805
17 0.271645 0.594156 0.067100 0.179654
20 0.324675 0.807359 0.075758 0.190476
14 0.391775 0.136364 0.080087 0.199134
8 0.406385 0.494589 0.070346 0.192641
7 0.422619 0.821429 0.063853 0.183983
11 0.493506 0.351732 0.082251 0.192641
26 0.522186 0.614719 0.040043 0.203463
19 0.511364 0.823593 0.076840 0.192641
21 0.549242 0.139610 0.074675 0.201299
22 0.643939 0.386364 0.086580 0.196970
18 0.620130 0.616883 0.084416 0.190476
4 0.622835 0.835498 0.087662 0.177489
6 0.647186 0.130952 0.080087 0.192641
23 0.776515 0.227273 0.070346 0.212121
15 0.780844 0.467532 0.070346 0.203463
12 0.758658 0.675325 0.058442 0.190476
28 0.726190 0.879870 0.058442 0.209957
5 0.875000 0.160173 0.081169 0.190476
29 0.935065 0.360390 0.073593 0.183983
0 0.897727 0.563853 0.063853 0.188312
13 0.847403 0.867965 0.043290 0.194805
25 0.924784 0.810606 0.059524 0.192641
