29 0.143398 0.100649 0.083333 0.179654
22 0.132576 0.287879 0.098485 0.199134
4 0.241342 0.252165 0.106061 0.188312
6 0.140693 0.551948 0.077922 0.181818
18 0.121753 0.782468 0.094156 0.196970
25 0.282468 0.474026 0.058442 0.173160
17 0.291126 0.667749 0.067100 0.179654
27 0.218615 0.869048 0.073593 0.183983
12 0.338203 0.861472 0.059524 0.173160
9 0.367965 0.132035 0.069264 0.168831
1 0.397186 0.466450 0.073593 0.183983
15 0.459416 0.247835 0.072511 0.201299
28 0.445346 0.665584 0.076840 0.192641
8 0.444264 0.886364 0.070346 0.183983
30 0.547078 0.155844 0.081169 0.190476
13 0.510823 0.543290 0.047619 0.164502
20 0.549784 0.729437 0.086580 0.199134
0 0.615801 0.483766 0.075758 0.218615
7 0.625541 0.142857 0.060606 0.190476
23 0.705628 0.248918 0.090909 0.246753
2 0.717532 0.527056 0.080087 0.192641
14 0.650974 0.772727 0.100649 0.212121
26 0.833333 0.205628 0.060606 0.203463
21 0.833333 0.436147 0.077922 0.183983
5 0.837662 0.656926 0.086580 0.188312
3 0.807359 0.902597 0.073593 0.186147
19 0.918831 0.114719 0.075758 0.194805
10 0.926407 0.402597 0.082251 0.186147
24 0.933983 0.627706 0.064935 0.181818
11 0.911255 0.833333 0.086580 0.203463
