21 0.091991 0.155844 0.090909 0.238095
14 0.067641 0.426407 0.100649 0.229437
26 0.062229 0.629870 0.035714 0.168831
15 0.091450 0.847403 0.081169 0.240260
1 0.189935 0.188312 0.074675 0.216450
7 0.176948 0.481602 0.072511 0.222944
12 0.193182 0.762987 0.068182 0.227273
29 0.253788 0.561688 0.066017 0.158009
25 0.278139 0.898268 0.054113 0.173160
19 0.307359 0.151515 0.090909 0.220779
11 0.350649 0.426407 0.095238 0.225108
3 0.353355 0.707792 0.087662 0.233766
30 0.372294 0.906926 0.054113 0.155844
8 0.449675 0.181818 0.081169 0.225108
2 0.511905 0.475108 0.086580 0.227273
20 0.463203 0.803030 0.095238 0.220779
18 0.594156 0.212121 0.106061 0.225108
0 0.627706 0.558442 0.082251 0.225108
6 0.600108 0.817100 0.091991 0.231602
23 0.718074 0.110390 0.068182 0.199134
4 0.724026 0.322511 0.106061 0.225108
9 0.734848 0.574675 0.077922 0.240260
17 0.767316 0.824675 0.075758 0.216450
24 0.804654 0.101732 0.066017 0.186147
5 0.853896 0.423160 0.099567 0.227273
28 0.827922 0.624459 0.049784 0.175325
22 0.868506 0.879870 0.094156 0.214286
10 0.917208 0.653680 0.096320 0.233766
13 0.882576 0.152597 0.048701 0.222944
27 0.947511 0.293290 0.061688 0.153680
