11 0.083333 0.196970 0.077922 0.194805
7 0.071970 0.465368 0.063853 0.190476
22 0.077922 0.676407 0.084416 0.183983
26 0.070346 0.876623 0.041126 0.194805
17 0.155844 0.895022 0.062771 0.179654
30 0.179654 0.169913 0.064935 0.196970
2 0.218074 0.585498 0.072511 0.183983
20 0.244589 0.380952 0.082251 0.186147
12 0.274892 0.796537 0.056277 0.194805
4 0.275433 0.186147 0.089827 0.181818
24 0.402056 0.139610 0.068182 0.192641
0 0.412879 0.360390 0.068182 0.183983
9 0.381494 0.590909 0.066017 0.203463
23 0.363636 0.839827 0.071429 0.199134
13 0.459957 0.790043 0.043290 0.190476
21 0.499459 0.166667 0.072511 0.199134
18 0.512987 0.440476 0.090909 0.192641
29 0.535714 0.646104 0.075758 0.183983
14 0.582251 0.870130 0.082251 0.194805
6 0.604437 0.166667 0.083333 0.190476
15 0.637446 0.516234 0.071429 0.201299
8 0.685606 0.766234 0.070346 0.194805
28 0.709957 0.116883 0.060606 0.194805
3 0.778139 0.281385 0.075758 0.186147
1 0.767857 0.619048 0.059524 0.173160
10 0.833333 0.869048 0.080087 0.188312
27 0.877706 0.103896 0.069264 0.177489
19 0.873918 0.296537 0.074675 0.186147
5 0.904221 0.560606 0.083333 0.190476
25 0.933442 0.773810 0.055195 0.192641
