4 0.122835 0.138528 0.146104 0.212121
6 0.289502 0.280303 0.079004 0.188312
18 0.480519 0.102814 0.088745 0.170996
9 0.553571 0.198052 0.057359 0.166667
8 0.614177 0.374459 0.066017 0.177489
29 0.733766 0.410173 0.077922 0.188312
21 0.865801 0.304113 0.075758 0.188312
7 0.950758 0.349567 0.061688 0.166667
27 0.923701 0.555195 0.072511 0.188312
5 0.831710 0.616883 0.098485 0.194805
19 0.712121 0.681818 0.067100 0.194805
3 0.592532 0.544372 0.091991 0.188312
24 0.498918 0.525974 0.069264 0.225108
23 0.425866 0.406926 0.061688 0.203463
12 0.359307 0.390693 0.054113 0.170996
22 0.267316 0.494589 0.097403 0.183983
2 0.162338 0.454545 0.064935 0.207792
13 0.079004 0.459957 0.088745 0.205628
30 0.074675 0.722944 0.090909 0.212121
17 0.159091 0.831169 0.062771 0.186147
28 0.288961 0.734848 0.077922 0.170996
1 0.205628 0.654762 0.069264 0.166667
26 0.366342 0.681818 0.053030 0.220779
11 0.290584 0.911255 0.074675 0.177489
15 0.440476 0.780303 0.069264 0.179654
20 0.600649 0.734848 0.069264 0.162338
14 0.669913 0.883117 0.077922 0.164502
25 0.761364 0.854978 0.050866 0.173160
0 0.871212 0.849567 0.071429 0.183983
10 0.951840 0.901515 0.070346 0.170996
