25 0.076840 0.111472 0.064935 0.205628
0 0.119589 0.335498 0.087662 0.225108
17 0.115260 0.555195 0.079004 0.209957
27 0.064394 0.882035 0.074675 0.205628
2 0.154221 0.790043 0.094156 0.220779
11 0.266234 0.694805 0.099567 0.233766
28 0.290043 0.905844 0.051948 0.183983
30 0.156926 0.098485 0.062771 0.188312
12 0.232143 0.147186 0.070346 0.229437
21 0.232684 0.387446 0.101732 0.242424
5 0.340368 0.400433 0.100649 0.225108
9 0.383117 0.149351 0.082251 0.246753
18 0.384740 0.872294 0.104978 0.229437
29 0.482143 0.901515 0.061688 0.162338
8 0.442100 0.641775 0.087662 0.227273
7 0.493506 0.370130 0.077922 0.220779
19 0.546537 0.122294 0.086580 0.231602
23 0.588745 0.496753 0.080087 0.222944
4 0.563312 0.731602 0.107143 0.220779
20 0.666126 0.796537 0.094156 0.220779
1 0.642316 0.347403 0.074675 0.218615
22 0.662338 0.124459 0.101732 0.218615
13 0.759199 0.260823 0.055195 0.244589
15 0.754329 0.590909 0.084416 0.238095
6 0.775974 0.834416 0.093074 0.235931
26 0.840909 0.113636 0.049784 0.214286
24 0.937229 0.126623 0.071429 0.218615
3 0.875000 0.338745 0.098485 0.235931
10 0.918831 0.582251 0.099567 0.233766
14 0.924784 0.820346 0.104978 0.233766
