19 0.097944 0.172078 0.072511 0.179654
25 0.135281 0.371212 0.058442 0.188312
11 0.057359 0.559524 0.075758 0.183983
0 0.209416 0.166667 0.068182 0.190476
2 0.229978 0.446970 0.072511 0.183983
29 0.147186 0.603896 0.071429 0.181818
17 0.131494 0.809524 0.061688 0.181818
3 0.356602 0.228355 0.079004 0.188312
4 0.331710 0.441558 0.085498 0.177489
7 0.283550 0.735931 0.062771 0.177489
30 0.443182 0.359307 0.066017 0.194805
9 0.408550 0.568182 0.061688 0.183983
14 0.419372 0.822511 0.079004 0.190476
6 0.530303 0.220779 0.077922 0.190476
22 0.535173 0.432900 0.081169 0.177489
5 0.566558 0.809524 0.081169 0.181818
20 0.646104 0.145022 0.075758 0.181818
13 0.639610 0.389610 0.045455 0.190476
1 0.669913 0.595238 0.062771 0.173160
12 0.693182 0.829004 0.050866 0.177489
15 0.738095 0.152597 0.067100 0.192641
21 0.732684 0.356061 0.069264 0.196970
28 0.760281 0.600649 0.053030 0.201299
24 0.777056 0.882035 0.069264 0.192641
8 0.839827 0.298701 0.071429 0.194805
10 0.849026 0.686147 0.079004 0.181818
27 0.920455 0.112554 0.072511 0.181818
18 0.939935 0.325758 0.085498 0.183983
26 0.948593 0.550866 0.042208 0.192641
23 0.938853 0.756494 0.068182 0.196970
