28 0.064394 0.111472 0.057359 0.192641
23 0.056818 0.330087 0.079004 0.218615
26 0.064394 0.546537 0.040043 0.196970
0 0.083333 0.797619 0.073593 0.205628
2 0.156385 0.213203 0.081169 0.209957
6 0.159091 0.544372 0.088745 0.214286
18 0.193723 0.803030 0.093074 0.207792
22 0.277056 0.115801 0.090909 0.201299
10 0.267857 0.337662 0.089827 0.207792
17 0.259199 0.553030 0.068182 0.196970
4 0.292208 0.765152 0.097403 0.196970
14 0.390152 0.145022 0.089827 0.216450
11 0.433442 0.461039 0.087662 0.207792
13 0.408009 0.795455 0.045455 0.205628
7 0.542208 0.239177 0.067100 0.205628
30 0.529221 0.453463 0.062771 0.179654
25 0.498377 0.673160 0.061688 0.190476
19 0.517857 0.880952 0.083333 0.203463
3 0.600108 0.659091 0.079004 0.209957
21 0.615801 0.437229 0.080087 0.212121
15 0.660173 0.142857 0.073593 0.216450
1 0.707792 0.466450 0.069264 0.196970
20 0.660714 0.875541 0.085498 0.214286
8 0.760281 0.773810 0.074675 0.196970
24 0.758658 0.112554 0.073593 0.203463
5 0.852814 0.300866 0.086580 0.207792
27 0.908009 0.100649 0.073593 0.179654
29 0.941017 0.396104 0.063853 0.164502
9 0.864719 0.572511 0.069264 0.222944
12 0.886905 0.879870 0.061688 0.205628
