0 0.090368 0.256494 0.066017 0.179654
14 0.096320 0.441558 0.077922 0.177489
18 0.094156 0.646104 0.080087 0.188312
22 0.143939 0.880952 0.080087 0.173160
13 0.220779 0.212121 0.041126 0.173160
1 0.253788 0.561688 0.057359 0.162338
30 0.200216 0.693723 0.064935 0.183983
27 0.286797 0.872294 0.067100 0.173160
15 0.326840 0.117965 0.067100 0.192641
28 0.320887 0.325758 0.050866 0.183983
20 0.382576 0.514069 0.074675 0.170996
4 0.395563 0.708874 0.081169 0.170996
29 0.399892 0.896104 0.070346 0.168831
7 0.406385 0.196970 0.057359 0.173160
21 0.476190 0.361472 0.067100 0.186147
10 0.491883 0.555195 0.079004 0.179654
17 0.549242 0.760823 0.059524 0.170996
9 0.531926 0.137446 0.061688 0.188312
8 0.603355 0.522727 0.070346 0.175325
6 0.680195 0.803030 0.076840 0.186147
26 0.705628 0.607143 0.038961 0.179654
2 0.666126 0.336580 0.068182 0.179654
5 0.691558 0.106061 0.077922 0.181818
3 0.810606 0.168831 0.067100 0.173160
24 0.804654 0.383117 0.066017 0.186147
11 0.833333 0.598485 0.073593 0.183983
12 0.786255 0.819264 0.057359 0.183983
23 0.869048 0.825758 0.062771 0.183983
25 0.931818 0.624459 0.054113 0.175325
19 0.931818 0.264069 0.071429 0.173160
