5 0.119589 0.257576 0.098485 0.207792
29 0.137446 0.449134 0.064935 0.149351
11 0.113095 0.643939 0.098485 0.214286
8 0.121753 0.877706 0.081169 0.218615
22 0.235931 0.879870 0.099567 0.209957
6 0.242424 0.649351 0.090909 0.225108
26 0.217532 0.415584 0.043290 0.173160
3 0.273268 0.159091 0.083333 0.214286
19 0.304113 0.389610 0.088745 0.207792
2 0.348485 0.775974 0.082251 0.222944
23 0.362013 0.164502 0.070346 0.207792
14 0.419372 0.488095 0.100649 0.227273
10 0.455628 0.873377 0.101732 0.218615
1 0.457251 0.242424 0.074675 0.203463
9 0.563853 0.218615 0.077922 0.233766
30 0.515693 0.524892 0.057359 0.166667
4 0.596320 0.487013 0.103896 0.216450
24 0.555195 0.709957 0.062771 0.186147
25 0.553571 0.898268 0.057359 0.164502
7 0.639610 0.813853 0.075758 0.216450
28 0.648268 0.286797 0.045455 0.162338
15 0.730519 0.147186 0.082251 0.238095
17 0.757035 0.489177 0.076840 0.207792
12 0.741883 0.724026 0.063853 0.214286
13 0.852814 0.824675 0.056277 0.220779
0 0.836039 0.258658 0.085498 0.218615
20 0.931818 0.130952 0.095238 0.214286
18 0.904221 0.483766 0.100649 0.214286
21 0.940476 0.713203 0.082251 0.218615
27 0.943182 0.908009 0.066017 0.166667
