22 0.073593 0.110390 0.086580 0.186147
12 0.101732 0.323593 0.064935 0.218615
23 0.051948 0.607143 0.067100 0.192641
3 0.069805 0.849567 0.089827 0.218615
4 0.209416 0.852814 0.104978 0.212121
26 0.168831 0.110390 0.038961 0.177489
15 0.150433 0.569264 0.075758 0.233766
6 0.261364 0.139610 0.087662 0.227273
11 0.257576 0.431818 0.093074 0.227273
25 0.256494 0.640693 0.056277 0.177489
13 0.338745 0.699134 0.049784 0.225108
30 0.299242 0.902597 0.061688 0.177489
28 0.375000 0.900433 0.048701 0.168831
27 0.380411 0.096320 0.068182 0.158009
7 0.402056 0.305195 0.072511 0.207792
21 0.428571 0.534632 0.082251 0.225108
18 0.476190 0.813853 0.099567 0.229437
17 0.512446 0.185065 0.072511 0.201299
0 0.520022 0.414502 0.085498 0.222944
29 0.548160 0.611472 0.063853 0.158009
10 0.601190 0.844156 0.098485 0.225108
14 0.662338 0.237013 0.093074 0.231602
9 0.633658 0.497835 0.076840 0.233766
1 0.771645 0.793290 0.075758 0.218615
19 0.786255 0.148268 0.087662 0.218615
5 0.785173 0.401515 0.096320 0.227273
24 0.909632 0.098485 0.061688 0.175325
8 0.898810 0.316017 0.083333 0.225108
20 0.899892 0.541126 0.091991 0.225108
2 0.924242 0.775974 0.086580 0.218615
