30 0.063853 0.142857 0.073593 0.203463
29 0.062229 0.346320 0.074675 0.177489
12 0.089827 0.597403 0.058442 0.186147
10 0.135281 0.798701 0.090909 0.194805
20 0.155844 0.174242 0.077922 0.192641
21 0.159632 0.379870 0.072511 0.192641
22 0.230519 0.612554 0.086580 0.181818
19 0.268939 0.819264 0.076840 0.183983
17 0.313853 0.137446 0.069264 0.179654
8 0.283550 0.397186 0.073593 0.188312
25 0.377165 0.431818 0.059524 0.183983
4 0.385281 0.676407 0.093074 0.183983
18 0.395563 0.889610 0.091991 0.190476
28 0.430736 0.135281 0.056277 0.192641
0 0.469156 0.334416 0.074675 0.192641
7 0.562229 0.360390 0.070346 0.179654
5 0.547078 0.667749 0.089827 0.192641
26 0.508117 0.886364 0.048701 0.196970
11 0.601190 0.866883 0.083333 0.196970
24 0.604978 0.163420 0.067100 0.201299
3 0.666126 0.408009 0.074675 0.188312
15 0.704004 0.663420 0.070346 0.205628
13 0.762987 0.838745 0.049784 0.192641
9 0.737554 0.142857 0.070346 0.207792
23 0.803571 0.334416 0.072511 0.205628
1 0.838203 0.546537 0.063853 0.183983
2 0.873377 0.824675 0.071429 0.194805
6 0.874459 0.126623 0.084416 0.192641
14 0.918831 0.337662 0.082251 0.199134
27 0.937229 0.547619 0.071429 0.190476
