26 0.080628 0.125541 0.046537 0.168831
7 0.150433 0.155844 0.058442 0.164502
21 0.109307 0.393939 0.075758 0.177489
19 0.069805 0.575758 0.074675 0.160173
14 0.247294 0.214286 0.081169 0.164502
0 0.247294 0.543290 0.066017 0.160173
10 0.119048 0.849567 0.071429 0.162338
8 0.214286 0.830087 0.060606 0.170996
30 0.346320 0.186147 0.064935 0.173160
20 0.446429 0.140693 0.070346 0.160173
4 0.377165 0.373377 0.079004 0.170996
2 0.371212 0.674242 0.064935 0.162338
24 0.298160 0.862554 0.061688 0.158009
29 0.368506 0.870130 0.063853 0.151515
3 0.447511 0.641775 0.061688 0.183983
1 0.520563 0.504329 0.054113 0.164502
13 0.548160 0.115801 0.044372 0.166667
17 0.593615 0.379870 0.061688 0.162338
18 0.562771 0.833333 0.075758 0.160173
5 0.692641 0.154762 0.073593 0.170996
11 0.689935 0.477273 0.072511 0.166667
27 0.657468 0.659091 0.066017 0.158009
22 0.799784 0.141775 0.082251 0.170996
9 0.924242 0.095238 0.054113 0.164502
25 0.850649 0.400433 0.051948 0.173160
28 0.950216 0.506494 0.049784 0.173160
23 0.909632 0.687229 0.057359 0.166667
12 0.915584 0.858225 0.051948 0.158009
15 0.817100 0.614719 0.060606 0.164502
6 0.779221 0.816017 0.067100 0.164502
