5 0.114719 0.222944 0.086580 0.186147
25 0.216450 0.113636 0.064935 0.188312
23 0.204004 0.329004 0.070346 0.207792
8 0.085498 0.444805 0.077922 0.201299
2 0.065476 0.679654 0.087662 0.212121
24 0.064394 0.888528 0.076840 0.201299
9 0.210498 0.591991 0.068182 0.214286
14 0.174784 0.809524 0.094156 0.190476
3 0.309524 0.253247 0.086580 0.220779
29 0.362554 0.445887 0.071429 0.190476
12 0.325758 0.630952 0.062771 0.205628
18 0.306818 0.880952 0.091991 0.203463
21 0.418290 0.788961 0.074675 0.222944
7 0.458874 0.429654 0.073593 0.201299
4 0.433442 0.141775 0.098485 0.192641
15 0.551407 0.172078 0.076840 0.209957
20 0.577922 0.456710 0.095238 0.194805
10 0.568182 0.731602 0.110390 0.225108
13 0.682900 0.272727 0.045455 0.207792
11 0.732143 0.571429 0.091991 0.216450
26 0.656926 0.891775 0.045455 0.199134
19 0.742424 0.864719 0.082251 0.205628
17 0.763528 0.136364 0.068182 0.186147
6 0.803571 0.370130 0.091991 0.212121
30 0.821429 0.638528 0.071429 0.203463
22 0.860390 0.835498 0.090909 0.199134
1 0.904221 0.687229 0.063853 0.201299
28 0.944805 0.494589 0.062771 0.188312
0 0.887987 0.309524 0.063853 0.194805
27 0.875000 0.102814 0.066017 0.183983
