29 0.091991 0.102814 0.080087 0.183983
1 0.130952 0.300866 0.064935 0.190476
14 0.064394 0.524892 0.087662 0.205628
0 0.179654 0.533550 0.077922 0.209957
12 0.100108 0.788961 0.059524 0.196970
23 0.183983 0.850649 0.075758 0.220779
25 0.281385 0.883117 0.060606 0.199134
26 0.208333 0.114719 0.046537 0.199134
18 0.308442 0.211039 0.095238 0.209957
21 0.295455 0.438312 0.077922 0.214286
8 0.308442 0.660173 0.075758 0.207792
22 0.430736 0.819264 0.093074 0.201299
3 0.429113 0.591991 0.081169 0.205628
9 0.403680 0.280303 0.071429 0.209957
7 0.510823 0.323593 0.071429 0.192641
19 0.556818 0.113636 0.085498 0.205628
20 0.598485 0.349567 0.086580 0.205628
30 0.522727 0.527056 0.058442 0.192641
15 0.560065 0.850649 0.072511 0.216450
17 0.651515 0.872294 0.064935 0.194805
11 0.612013 0.603896 0.085498 0.203463
24 0.714286 0.185065 0.073593 0.218615
6 0.766234 0.431818 0.084416 0.209957
28 0.716450 0.669913 0.058442 0.188312
4 0.811688 0.775974 0.095238 0.201299
10 0.818182 0.189394 0.095238 0.201299
2 0.924784 0.253247 0.079004 0.199134
5 0.945346 0.469697 0.089827 0.199134
13 0.922619 0.685065 0.044372 0.201299
27 0.938312 0.897186 0.080087 0.179654
