8 0.072511 0.244589 0.082251 0.199134
22 0.085498 0.467532 0.086580 0.190476
1 0.093615 0.681818 0.068182 0.194805
26 0.063312 0.851732 0.048701 0.201299
6 0.199134 0.169913 0.080087 0.209957
29 0.192100 0.373377 0.070346 0.166667
2 0.212662 0.566017 0.079004 0.201299
18 0.197511 0.826840 0.096320 0.203463
13 0.297619 0.277056 0.047619 0.199134
0 0.399892 0.230519 0.081169 0.201299
20 0.373377 0.490260 0.084416 0.201299
14 0.340909 0.834416 0.088745 0.201299
19 0.440476 0.713203 0.086580 0.201299
12 0.482684 0.455628 0.060606 0.205628
15 0.566017 0.154762 0.073593 0.218615
17 0.619589 0.392857 0.074675 0.201299
7 0.589827 0.643939 0.071429 0.192641
24 0.518939 0.861472 0.076840 0.203463
11 0.630952 0.866883 0.088745 0.205628
28 0.728896 0.882035 0.057359 0.188312
27 0.664502 0.185065 0.075758 0.183983
4 0.756494 0.150433 0.095238 0.192641
9 0.748377 0.550866 0.068182 0.205628
3 0.815476 0.794372 0.081169 0.199134
30 0.833333 0.576840 0.064935 0.183983
25 0.831710 0.359307 0.070346 0.194805
5 0.872294 0.150433 0.088745 0.196970
10 0.933442 0.420996 0.087662 0.205628
21 0.918290 0.649351 0.081169 0.207792
23 0.905844 0.869048 0.071429 0.209957
