2 0.158009 0.133117 0.103896 0.222944
28 0.257035 0.117965 0.074675 0.205628
23 0.061688 0.312771 0.075758 0.218615
19 0.350108 0.207792 0.083333 0.207792
6 0.445346 0.287879 0.081169 0.220779
29 0.541667 0.121212 0.068182 0.212121
9 0.641234 0.140693 0.066017 0.199134
7 0.761364 0.109307 0.070346 0.201299
24 0.836580 0.246753 0.064935 0.207792
10 0.936147 0.109307 0.095238 0.201299
21 0.943723 0.336580 0.077922 0.222944
4 0.093074 0.531385 0.097403 0.192641
3 0.268398 0.383117 0.088745 0.194805
18 0.745130 0.379870 0.094156 0.192641
8 0.831169 0.474026 0.077922 0.207792
27 0.926948 0.557359 0.091991 0.218615
30 0.178030 0.704545 0.072511 0.240260
17 0.093074 0.845238 0.088745 0.214286
11 0.268398 0.659091 0.080087 0.231602
26 0.363095 0.566017 0.079004 0.240260
25 0.245671 0.878788 0.067100 0.194805
22 0.356061 0.872294 0.101732 0.186147
0 0.453463 0.889610 0.077922 0.212121
14 0.460498 0.519481 0.094156 0.194805
1 0.607143 0.464286 0.058442 0.175325
20 0.556277 0.597403 0.075758 0.199134
13 0.694264 0.615801 0.053030 0.196970
12 0.617965 0.817100 0.064935 0.227273
5 0.786797 0.850649 0.086580 0.212121
15 0.895022 0.801948 0.077922 0.231602
