19 0.076299 0.145022 0.089827 0.216450
14 0.082792 0.385281 0.100649 0.233766
15 0.076840 0.645022 0.086580 0.233766
23 0.056818 0.876623 0.072511 0.207792
13 0.148268 0.862554 0.049784 0.222944
27 0.187229 0.112554 0.071429 0.173160
2 0.195346 0.325758 0.091991 0.231602
9 0.233766 0.580087 0.073593 0.238095
5 0.295996 0.841991 0.100649 0.225108
25 0.278139 0.110390 0.060606 0.190476
26 0.301407 0.327922 0.040043 0.183983
10 0.391234 0.148268 0.100649 0.231602
12 0.360390 0.529221 0.062771 0.222944
18 0.425325 0.760823 0.103896 0.227273
21 0.510823 0.137446 0.082251 0.235931
7 0.490260 0.400433 0.073593 0.220779
6 0.545996 0.760823 0.091991 0.231602
3 0.623377 0.259740 0.084416 0.216450
28 0.576299 0.542208 0.048701 0.179654
4 0.659091 0.519481 0.108225 0.216450
20 0.656385 0.862554 0.100649 0.218615
1 0.758117 0.826840 0.074675 0.207792
30 0.677489 0.091991 0.054113 0.158009
11 0.767316 0.188312 0.093074 0.229437
17 0.773268 0.448052 0.072511 0.212121
29 0.841450 0.571429 0.063853 0.168831
8 0.876623 0.808442 0.082251 0.227273
22 0.902597 0.130952 0.101732 0.227273
0 0.902597 0.367965 0.082251 0.225108
24 0.929113 0.584416 0.070346 0.199134
