3 0.062229 0.186147 0.055195 0.138528
0 0.068182 0.545455 0.047619 0.134199
18 0.145563 0.911255 0.061688 0.134199
8 0.140152 0.362554 0.050866 0.132035
12 0.180195 0.577922 0.042208 0.129870
17 0.200758 0.090909 0.046537 0.125541
4 0.224026 0.321429 0.062771 0.132035
29 0.235390 0.859307 0.053030 0.129870
22 0.300866 0.269481 0.060606 0.132035
5 0.305736 0.491342 0.059524 0.134199
25 0.320887 0.082251 0.044372 0.129870
20 0.397186 0.187229 0.054113 0.140693
26 0.406926 0.351732 0.032468 0.140693
2 0.380411 0.711039 0.050866 0.140693
13 0.405844 0.861472 0.034632 0.134199
27 0.458333 0.485931 0.048701 0.132035
19 0.461039 0.702381 0.054113 0.132035
6 0.524892 0.859307 0.054113 0.138528
21 0.557900 0.403680 0.048701 0.140693
28 0.588745 0.227273 0.041126 0.147186
11 0.668290 0.579004 0.057359 0.140693
1 0.712662 0.877706 0.042208 0.127706
15 0.740260 0.182900 0.047619 0.140693
24 0.744589 0.430736 0.049784 0.138528
30 0.775433 0.864719 0.046537 0.136364
10 0.821970 0.095238 0.061688 0.138528
23 0.823593 0.471861 0.049784 0.142857
7 0.798160 0.708874 0.044372 0.127706
9 0.900433 0.597403 0.043290 0.138528
14 0.901515 0.906926 0.060606 0.151515
