4 0.163961 0.094156 0.074675 0.158009
18 0.300325 0.142857 0.076840 0.181818
23 0.438853 0.127706 0.074675 0.194805
13 0.597403 0.191558 0.064935 0.183983
29 0.727273 0.191558 0.060606 0.179654
9 0.812229 0.183983 0.055195 0.186147
27 0.896645 0.097403 0.059524 0.151515
14 0.915043 0.279221 0.074675 0.168831
20 0.773268 0.401515 0.074675 0.196970
10 0.669913 0.475108 0.071429 0.175325
1 0.507035 0.299784 0.055195 0.162338
7 0.339286 0.392857 0.053030 0.166667
22 0.264610 0.467532 0.081169 0.173160
21 0.218074 0.248918 0.074675 0.164502
26 0.074675 0.323593 0.062771 0.179654
0 0.055736 0.546537 0.068182 0.175325
24 0.140693 0.519481 0.054113 0.173160
28 0.237013 0.660173 0.060606 0.168831
3 0.153139 0.774892 0.070346 0.168831
25 0.088203 0.897186 0.066017 0.153680
30 0.235931 0.877706 0.062771 0.196970
8 0.303030 0.713203 0.060606 0.166667
5 0.433442 0.613636 0.068182 0.192641
15 0.530303 0.724026 0.090909 0.205628
2 0.468615 0.892857 0.075758 0.201299
11 0.614719 0.708874 0.073593 0.183983
18 0.745671 0.656926 0.073593 0.179654
17 0.666126 0.884199 0.066017 0.170996
6 0.862013 0.709957 0.120130 0.277056
12 0.868506 0.898268 0.091991 0.203463
