20 0.161797 0.201299 0.059524 0.138528
21 0.095238 0.392857 0.054113 0.149351
11 0.091450 0.688312 0.059524 0.138528
27 0.112554 0.902597 0.051948 0.138528
13 0.283009 0.901515 0.033550 0.136364
12 0.310606 0.754329 0.043290 0.136364
14 0.206710 0.369048 0.060606 0.145022
19 0.300325 0.102814 0.057359 0.136364
22 0.311147 0.250000 0.066017 0.136364
6 0.399351 0.414502 0.056277 0.140693
7 0.283550 0.471861 0.045455 0.129870
2 0.456710 0.568182 0.054113 0.132035
3 0.449675 0.839827 0.053030 0.142857
0 0.606602 0.847403 0.055195 0.145022
30 0.557359 0.642857 0.056277 0.142857
23 0.507576 0.385281 0.051948 0.142857
10 0.475649 0.149351 0.066017 0.138528
8 0.548701 0.194805 0.054113 0.142857
24 0.579004 0.414502 0.049784 0.145022
25 0.650974 0.329004 0.042208 0.129870
4 0.622294 0.569264 0.062771 0.134199
9 0.739719 0.849567 0.046537 0.140693
26 0.832792 0.701299 0.031385 0.138528
29 0.825758 0.436147 0.056277 0.132035
1 0.707251 0.182900 0.046537 0.136364
18 0.788961 0.090909 0.060606 0.134199
15 0.805195 0.243506 0.047619 0.136364
5 0.880952 0.238095 0.062771 0.138528
17 0.942641 0.357143 0.047619 0.129870
28 0.952381 0.587662 0.041126 0.140693
