24 0.084957 0.162338 0.063853 0.186147
15 0.063853 0.375541 0.067100 0.188312
14 0.057900 0.616883 0.079004 0.194805
17 0.102814 0.900433 0.064935 0.168831
22 0.201299 0.148268 0.082251 0.179654
13 0.134740 0.537879 0.040043 0.188312
29 0.214286 0.570346 0.069264 0.183983
1 0.244589 0.865801 0.062771 0.173160
6 0.239719 0.346320 0.074675 0.186147
10 0.313312 0.624459 0.083333 0.179654
21 0.349567 0.890693 0.069264 0.192641
3 0.363095 0.203463 0.068182 0.181818
11 0.410714 0.412338 0.079004 0.179654
12 0.437229 0.785714 0.054113 0.177489
20 0.525974 0.824675 0.075758 0.181818
19 0.492424 0.175325 0.071429 0.177489
7 0.500541 0.514069 0.057359 0.175325
23 0.579004 0.586580 0.067100 0.186147
9 0.620130 0.851732 0.058442 0.188312
26 0.716991 0.812771 0.037879 0.192641
0 0.609307 0.310606 0.067100 0.175325
30 0.627706 0.111472 0.062771 0.188312
8 0.718615 0.112554 0.067100 0.177489
28 0.704545 0.309524 0.049784 0.186147
5 0.708874 0.508658 0.080087 0.181818
27 0.801948 0.466450 0.067100 0.183983
4 0.816017 0.730519 0.082251 0.175325
2 0.866342 0.270563 0.070346 0.177489
18 0.898268 0.540043 0.084416 0.179654
25 0.920455 0.833333 0.057359 0.181818
