22 0.060065 0.104978 0.089827 0.201299
14 0.090909 0.321429 0.108225 0.227273
23 0.053571 0.571429 0.070346 0.199134
5 0.159632 0.611472 0.104978 0.248918
15 0.125000 0.861472 0.100649 0.259740
2 0.207251 0.254329 0.102814 0.253247
17 0.279221 0.560606 0.086580 0.229437
10 0.278680 0.824675 0.111472 0.242424
3 0.345238 0.295455 0.103896 0.235931
29 0.316017 0.085498 0.069264 0.166667
4 0.418831 0.558442 0.119048 0.242424
6 0.479437 0.781385 0.101732 0.259740
24 0.375541 0.854978 0.067100 0.212121
19 0.490801 0.125541 0.094156 0.233766
26 0.443723 0.339827 0.051948 0.177489
7 0.548160 0.372294 0.089827 0.233766
27 0.534632 0.564935 0.075758 0.194805
18 0.655844 0.129870 0.129870 0.242424
1 0.692641 0.384199 0.086580 0.235931
25 0.633117 0.524892 0.071429 0.183983
13 0.605519 0.746753 0.053030 0.233766
30 0.655844 0.899351 0.069264 0.175325
8 0.742424 0.806277 0.090909 0.248918
28 0.739719 0.593074 0.066017 0.190476
9 0.787879 0.142857 0.077922 0.251082
0 0.838745 0.496753 0.093074 0.235931
12 0.843615 0.863636 0.068182 0.242424
20 0.934524 0.775974 0.094156 0.235931
21 0.943182 0.433983 0.081169 0.218615
11 0.892316 0.196970 0.100649 0.255411
