21 0.071970 0.158009 0.087662 0.233766
4 0.115801 0.402597 0.106061 0.229437
9 0.123377 0.677489 0.080087 0.238095
24 0.064394 0.887446 0.072511 0.199134
22 0.199134 0.878788 0.095238 0.203463
26 0.218074 0.498918 0.035714 0.175325
29 0.211039 0.676407 0.060606 0.153680
5 0.185606 0.138528 0.102814 0.233766
19 0.301948 0.123377 0.097403 0.225108
1 0.282468 0.361472 0.075758 0.220779
0 0.301407 0.690476 0.089827 0.229437
25 0.336580 0.900433 0.054113 0.168831
30 0.409632 0.910173 0.050866 0.149351
13 0.421537 0.189394 0.055195 0.227273
10 0.433983 0.482684 0.103896 0.238095
7 0.452381 0.722944 0.073593 0.225108
8 0.561688 0.819264 0.084416 0.227273
23 0.498918 0.255411 0.071429 0.199134
11 0.606061 0.199134 0.097403 0.233766
6 0.613095 0.543290 0.094156 0.242424
17 0.664502 0.807359 0.080087 0.225108
27 0.710498 0.099567 0.066017 0.160173
3 0.732684 0.319264 0.086580 0.235931
2 0.774892 0.616883 0.088745 0.233766
18 0.797078 0.859307 0.109307 0.233766
20 0.812771 0.132035 0.097403 0.229437
28 0.831169 0.403680 0.047619 0.175325
14 0.911797 0.762987 0.104978 0.240260
12 0.905844 0.247835 0.073593 0.231602
15 0.929654 0.496753 0.084416 0.244589
