24 0.059524 0.262987 0.071429 0.205628
21 0.068182 0.509740 0.073593 0.214286
13 0.091991 0.858225 0.043290 0.201299
8 0.157468 0.231602 0.074675 0.190476
19 0.167749 0.429654 0.077922 0.196970
6 0.180195 0.652597 0.081169 0.201299
20 0.179113 0.862554 0.081169 0.192641
4 0.275433 0.219697 0.091991 0.196970
22 0.307359 0.420996 0.088745 0.201299
0 0.307900 0.675325 0.070346 0.194805
26 0.324134 0.883117 0.040043 0.199134
1 0.451840 0.130952 0.061688 0.179654
25 0.403139 0.285714 0.059524 0.194805
15 0.408009 0.512987 0.069264 0.199134
11 0.429113 0.782468 0.081169 0.205628
5 0.554654 0.239177 0.085498 0.201299
7 0.552489 0.475108 0.061688 0.188312
18 0.574675 0.849567 0.090909 0.196970
28 0.652597 0.102814 0.054113 0.183983
2 0.692100 0.299784 0.074675 0.192641
17 0.673701 0.632035 0.066017 0.190476
9 0.698593 0.846320 0.063853 0.199134
27 0.767857 0.102814 0.068182 0.179654
23 0.767857 0.494589 0.070346 0.201299
14 0.797078 0.701299 0.085498 0.203463
29 0.788961 0.895022 0.067100 0.170996
3 0.861472 0.200216 0.075758 0.196970
10 0.873377 0.468615 0.086580 0.201299
12 0.901515 0.730519 0.058442 0.188312
30 0.949675 0.227273 0.059524 0.173160
