10 0.109307 0.168831 0.088745 0.190476
21 0.068182 0.391775 0.077922 0.203463
11 0.090909 0.612554 0.082251 0.190476
22 0.138528 0.872294 0.086580 0.190476
19 0.185065 0.652597 0.077922 0.192641
5 0.166126 0.399351 0.079004 0.192641
28 0.230519 0.136364 0.060606 0.203463
17 0.255411 0.371212 0.062771 0.179654
12 0.272186 0.701299 0.061688 0.186147
27 0.256494 0.892857 0.077922 0.183983
24 0.325758 0.155844 0.069264 0.194805
3 0.357684 0.379870 0.079004 0.205628
4 0.411255 0.667749 0.093074 0.188312
26 0.379870 0.882035 0.047619 0.201299
1 0.468074 0.280303 0.070346 0.183983
29 0.474567 0.480519 0.076840 0.186147
15 0.500541 0.737013 0.072511 0.205628
13 0.566558 0.545455 0.046537 0.194805
7 0.608225 0.247835 0.067100 0.192641
23 0.653139 0.531385 0.066017 0.205628
9 0.628788 0.798701 0.067100 0.203463
30 0.720238 0.762987 0.068182 0.205628
14 0.784632 0.148268 0.080087 0.183983
18 0.898268 0.103896 0.086580 0.186147
2 0.882035 0.358225 0.075758 0.188312
6 0.776515 0.410173 0.072511 0.192641
25 0.803030 0.608225 0.062771 0.181818
20 0.920996 0.637446 0.077922 0.188312
0 0.933983 0.840909 0.069264 0.183983
8 0.808983 0.804113 0.074675 0.188312
