0 0.108225 0.158009 0.054113 0.142857
22 0.129329 0.416667 0.063853 0.145022
1 0.054113 0.530303 0.043290 0.134199
15 0.114177 0.779221 0.050866 0.147186
29 0.174784 0.140693 0.053030 0.138528
11 0.234307 0.483766 0.059524 0.145022
24 0.302489 0.850649 0.053030 0.147186
21 0.274351 0.169913 0.055195 0.153680
6 0.327922 0.477273 0.058442 0.145022
12 0.365260 0.656926 0.042208 0.140693
4 0.420996 0.897186 0.067100 0.140693
27 0.391775 0.226190 0.054113 0.140693
3 0.429654 0.376623 0.056277 0.147186
25 0.474567 0.122294 0.048701 0.145022
19 0.497835 0.487013 0.054113 0.142857
23 0.540584 0.325758 0.053030 0.145022
13 0.582792 0.147186 0.031385 0.142857
10 0.571970 0.835498 0.059524 0.142857
9 0.667749 0.114719 0.043290 0.147186
14 0.651515 0.304113 0.060606 0.153680
18 0.676407 0.536797 0.064935 0.138528
28 0.653139 0.877706 0.042208 0.145022
17 0.728896 0.677489 0.046537 0.138528
7 0.785173 0.202381 0.046537 0.136364
26 0.836039 0.533550 0.033550 0.149351
20 0.764069 0.882035 0.058442 0.140693
30 0.871212 0.338745 0.049784 0.153680
5 0.907468 0.543290 0.059524 0.138528
8 0.911797 0.812771 0.053030 0.149351
2 0.953463 0.237013 0.054113 0.145022
