26 0.055195 0.160173 0.034632 0.155844
19 0.049784 0.453463 0.058442 0.132035
15 0.099026 0.762987 0.057359 0.158009
0 0.256494 0.814935 0.051948 0.145022
11 0.200216 0.558442 0.058442 0.142857
20 0.186688 0.110390 0.059524 0.142857
6 0.193182 0.371212 0.059524 0.149351
22 0.329545 0.373377 0.061688 0.140693
7 0.361472 0.554113 0.047619 0.134199
27 0.335498 0.724026 0.056277 0.132035
28 0.334957 0.901515 0.042208 0.140693
18 0.465909 0.793290 0.068182 0.140693
23 0.291667 0.175325 0.053030 0.147186
9 0.371212 0.227273 0.047619 0.147186
10 0.478896 0.208874 0.066017 0.140693
3 0.495130 0.575758 0.055195 0.138528
24 0.574134 0.581169 0.050866 0.145022
2 0.557900 0.389610 0.055195 0.138528
12 0.662879 0.699134 0.040043 0.138528
30 0.611472 0.880952 0.056277 0.151515
14 0.805195 0.869048 0.064935 0.140693
5 0.797078 0.677489 0.063853 0.147186
8 0.878788 0.717532 0.056277 0.140693
29 0.729978 0.480519 0.061688 0.142857
25 0.629870 0.230519 0.051948 0.145022
13 0.691017 0.123377 0.035714 0.142857
4 0.809524 0.403680 0.064935 0.145022
1 0.888528 0.459957 0.045455 0.127706
17 0.837662 0.122294 0.045455 0.136364
21 0.909091 0.109307 0.054113 0.145022
