17 0.053030 0.175325 0.075758 0.181818
30 0.080087 0.433983 0.086580 0.227273
5 0.077922 0.627706 0.101732 0.199134
14 0.070346 0.859307 0.110390 0.212121
12 0.188312 0.159091 0.067100 0.192641
6 0.181818 0.404762 0.088745 0.216450
22 0.217532 0.647186 0.093074 0.203463
29 0.192641 0.882035 0.086580 0.192641
11 0.306818 0.212121 0.083333 0.190476
21 0.317100 0.438312 0.088745 0.209957
8 0.321429 0.696970 0.084416 0.207792
27 0.314935 0.895022 0.071429 0.175325
28 0.477814 0.101732 0.066017 0.173160
2 0.443723 0.313853 0.086580 0.203463
24 0.415584 0.525974 0.090909 0.216450
26 0.509740 0.520563 0.045455 0.231602
1 0.430195 0.794372 0.079004 0.199134
10 0.561688 0.788961 0.093074 0.196970
23 0.588203 0.159091 0.081169 0.201299
15 0.597944 0.516234 0.074675 0.214286
7 0.682359 0.617965 0.059524 0.179654
13 0.705628 0.840909 0.047619 0.205628
25 0.696429 0.112554 0.068182 0.194805
19 0.791126 0.153680 0.077922 0.186147
4 0.743506 0.373377 0.088745 0.209957
0 0.885823 0.279221 0.087662 0.212121
3 0.890152 0.525974 0.100649 0.203463
9 0.788420 0.674242 0.066017 0.218615
20 0.805736 0.895022 0.089827 0.196970
18 0.912338 0.820346 0.093074 0.194805
