10 0.058442 0.123377 0.062771 0.129870
8 0.070346 0.291126 0.051948 0.136364
0 0.185606 0.620130 0.046537 0.136364
27 0.146104 0.867965 0.049784 0.134199
15 0.272727 0.142857 0.054113 0.138528
2 0.222944 0.467532 0.047619 0.134199
30 0.233766 0.784632 0.049784 0.145022
23 0.297078 0.438312 0.048701 0.149351
3 0.320887 0.626623 0.053030 0.132035
1 0.304654 0.898268 0.044372 0.138528
13 0.371212 0.437229 0.030303 0.138528
29 0.400974 0.803030 0.053030 0.129870
11 0.430195 0.262987 0.057359 0.140693
12 0.472944 0.702381 0.043290 0.136364
28 0.480519 0.505411 0.041126 0.153680
6 0.536255 0.300866 0.055195 0.142857
18 0.555195 0.579004 0.062771 0.140693
24 0.616883 0.163420 0.045455 0.140693
20 0.649351 0.353896 0.054113 0.132035
25 0.636364 0.503247 0.043290 0.132035
17 0.696429 0.721861 0.048701 0.132035
5 0.745671 0.107143 0.058442 0.140693
4 0.750541 0.582251 0.059524 0.134199
9 0.764069 0.883117 0.047619 0.151515
14 0.832792 0.172078 0.057359 0.140693
21 0.806277 0.409091 0.049784 0.142857
19 0.899351 0.158009 0.051948 0.134199
26 0.926948 0.340909 0.031385 0.149351
7 0.848485 0.835498 0.045455 0.134199
22 0.913420 0.798701 0.060606 0.138528
