9 0.099026 0.271645 0.079004 0.201299
23 0.103355 0.482684 0.070346 0.199134
30 0.054113 0.679654 0.069264 0.190476
26 0.068182 0.880952 0.049784 0.199134
10 0.144481 0.704545 0.089827 0.196970
1 0.202922 0.240260 0.066017 0.181818
6 0.226190 0.511905 0.080087 0.192641
3 0.253788 0.874459 0.076840 0.194805
27 0.278680 0.147186 0.074675 0.186147
13 0.359307 0.160173 0.049784 0.203463
11 0.353896 0.521645 0.080087 0.199134
19 0.341991 0.859307 0.077922 0.186147
21 0.437229 0.135281 0.073593 0.209957
25 0.458333 0.362554 0.059524 0.196970
17 0.442641 0.608225 0.069264 0.181818
7 0.449675 0.803030 0.061688 0.190476
29 0.560606 0.102814 0.073593 0.192641
2 0.576299 0.303030 0.076840 0.190476
5 0.549242 0.614719 0.087662 0.190476
20 0.583333 0.845238 0.080087 0.192641
24 0.688312 0.195887 0.069264 0.205628
22 0.693723 0.410173 0.090909 0.192641
14 0.695887 0.766234 0.090909 0.199134
8 0.786797 0.100649 0.071429 0.192641
18 0.817100 0.409091 0.090909 0.199134
0 0.800325 0.691558 0.072511 0.205628
28 0.833874 0.892857 0.057359 0.196970
4 0.892316 0.120130 0.085498 0.188312
12 0.914502 0.482684 0.060606 0.199134
15 0.922078 0.746753 0.075758 0.220779
