8 0.110931 0.148268 0.081169 0.196970
28 0.066017 0.321429 0.054113 0.188312
11 0.063853 0.522727 0.090909 0.205628
25 0.076840 0.819264 0.062771 0.205628
26 0.171537 0.863636 0.057359 0.207792
7 0.156926 0.646104 0.069264 0.192641
12 0.147727 0.412338 0.063853 0.209957
21 0.250000 0.122294 0.080087 0.205628
30 0.335498 0.115801 0.064935 0.188312
10 0.299242 0.333333 0.104978 0.199134
23 0.284632 0.559524 0.080087 0.227273
5 0.303571 0.790043 0.098485 0.212121
27 0.404762 0.844156 0.075758 0.186147
2 0.418831 0.196970 0.082251 0.207792
20 0.431277 0.483766 0.091991 0.209957
4 0.494589 0.711039 0.097403 0.183983
29 0.497294 0.896104 0.074675 0.168831
1 0.588745 0.864719 0.077922 0.192641
19 0.549242 0.508658 0.085498 0.203463
0 0.532468 0.278139 0.080087 0.205628
15 0.645563 0.241342 0.076840 0.240260
17 0.662338 0.597403 0.080087 0.203463
14 0.725649 0.810606 0.094156 0.214286
13 0.720238 0.365801 0.059524 0.220779
3 0.800866 0.155844 0.086580 0.216450
18 0.940476 0.181818 0.093074 0.207792
24 0.933983 0.532468 0.071429 0.212121
6 0.831169 0.510823 0.082251 0.212121
22 0.824134 0.751082 0.089827 0.190476
9 0.911797 0.769481 0.066017 0.218615
