24 0.078463 0.106061 0.063853 0.186147
12 0.090909 0.312771 0.062771 0.218615
2 0.110390 0.695887 0.082251 0.218615
25 0.068723 0.897186 0.050866 0.179654
15 0.194805 0.198052 0.084416 0.231602
18 0.213745 0.475108 0.098485 0.218615
9 0.212662 0.718615 0.074675 0.233766
28 0.288961 0.117965 0.047619 0.183983
8 0.320346 0.518398 0.082251 0.218615
13 0.318182 0.859307 0.054113 0.233766
5 0.381494 0.272727 0.096320 0.220779
30 0.412879 0.492424 0.057359 0.179654
22 0.402597 0.886364 0.088745 0.196970
3 0.498918 0.264069 0.084416 0.225108
21 0.498377 0.484848 0.083333 0.203463
4 0.494589 0.709957 0.101732 0.216450
7 0.607684 0.819264 0.072511 0.209957
23 0.565476 0.106061 0.063853 0.190476
10 0.689935 0.138528 0.094156 0.225108
11 0.670996 0.405844 0.093074 0.222944
1 0.655844 0.638528 0.071429 0.203463
17 0.751082 0.645022 0.073593 0.212121
19 0.742965 0.866883 0.089827 0.214286
0 0.868506 0.693723 0.079004 0.218615
27 0.864719 0.901515 0.067100 0.166667
29 0.942641 0.891775 0.064935 0.168831
14 0.793290 0.374459 0.097403 0.229437
26 0.794372 0.145022 0.036797 0.177489
6 0.884199 0.202381 0.093074 0.222944
20 0.917208 0.439394 0.091991 0.225108
