17 0.060065 0.241342 0.061688 0.179654
5 0.075758 0.474026 0.077922 0.181818
19 0.076299 0.701299 0.074675 0.181818
29 0.073593 0.893939 0.071429 0.181818
2 0.225649 0.231602 0.072511 0.186147
9 0.187771 0.470779 0.061688 0.201299
24 0.167208 0.751082 0.068182 0.199134
23 0.331169 0.122294 0.069264 0.196970
0 0.378247 0.415584 0.066017 0.190476
11 0.339827 0.617965 0.077922 0.192641
3 0.288420 0.829004 0.072511 0.186147
6 0.445887 0.147186 0.075758 0.190476
26 0.450216 0.623377 0.038961 0.190476
15 0.450216 0.846320 0.069264 0.199134
12 0.506494 0.410173 0.054113 0.183983
13 0.531926 0.678571 0.044372 0.196970
28 0.551407 0.879870 0.057359 0.192641
7 0.607143 0.198052 0.062771 0.183983
8 0.628247 0.476190 0.068182 0.186147
1 0.631494 0.797619 0.059524 0.175325
25 0.719156 0.140693 0.057359 0.190476
18 0.721320 0.360390 0.089827 0.183983
30 0.711039 0.681818 0.062771 0.194805
4 0.822511 0.277056 0.086580 0.181818
10 0.803030 0.668831 0.080087 0.190476
21 0.778680 0.885281 0.070346 0.194805
27 0.932900 0.103896 0.067100 0.177489
14 0.938312 0.344156 0.082251 0.194805
20 0.915043 0.636364 0.079004 0.194805
22 0.892857 0.862554 0.084416 0.188312
