29 0.048701 0.229437 0.071429 0.168831
4 0.140152 0.132035 0.102814 0.220779
1 0.071429 0.432900 0.080087 0.216450
11 0.117424 0.656926 0.098485 0.218615
22 0.110390 0.882035 0.106061 0.214286
27 0.249459 0.893939 0.081169 0.181818
9 0.234307 0.680736 0.083333 0.235931
19 0.173701 0.420996 0.089827 0.222944
15 0.261905 0.232684 0.090909 0.248918
18 0.331710 0.471861 0.107143 0.220779
10 0.375000 0.219697 0.104978 0.227273
8 0.451299 0.475108 0.084416 0.227273
0 0.360931 0.702381 0.089827 0.218615
13 0.475649 0.732684 0.063853 0.231602
30 0.533009 0.896104 0.066017 0.186147
7 0.611472 0.801948 0.082251 0.222944
5 0.504870 0.166667 0.107143 0.246753
24 0.607684 0.126623 0.079004 0.218615
26 0.604437 0.341991 0.055195 0.190476
6 0.634199 0.569264 0.095238 0.233766
12 0.689935 0.317100 0.066017 0.235931
23 0.761905 0.514069 0.073593 0.214286
17 0.736472 0.734848 0.074675 0.209957
28 0.814935 0.873377 0.054113 0.196970
14 0.909632 0.867965 0.107143 0.225108
25 0.941017 0.428571 0.061688 0.194805
20 0.928030 0.122294 0.096320 0.227273
21 0.780303 0.128788 0.095238 0.235931
3 0.846861 0.305195 0.091991 0.238095
2 0.865801 0.642857 0.093074 0.220779
