9 0.071429 0.143939 0.067100 0.162338
18 0.161255 0.341991 0.071429 0.147186
13 0.116883 0.544372 0.038961 0.153680
21 0.065476 0.701299 0.068182 0.168831
26 0.103355 0.880952 0.040043 0.160173
11 0.224026 0.137446 0.067100 0.153680
28 0.187771 0.512987 0.048701 0.164502
22 0.269481 0.624459 0.071429 0.153680
14 0.383658 0.794372 0.074675 0.164502
15 0.362013 0.237013 0.063853 0.166667
0 0.454545 0.403680 0.064935 0.162338
25 0.447511 0.591991 0.050866 0.149351
17 0.457251 0.753247 0.055195 0.142857
5 0.522727 0.162338 0.069264 0.151515
7 0.581710 0.344156 0.048701 0.151515
4 0.560065 0.662338 0.074675 0.155844
19 0.530844 0.832251 0.061688 0.158009
2 0.651515 0.911255 0.060606 0.151515
3 0.647727 0.521645 0.055195 0.155844
1 0.663420 0.189394 0.054113 0.140693
8 0.752165 0.106061 0.054113 0.147186
23 0.781385 0.616883 0.058442 0.164502
29 0.824675 0.136364 0.058442 0.147186
12 0.849567 0.308442 0.049784 0.140693
30 0.851732 0.484848 0.054113 0.164502
24 0.845779 0.756494 0.059524 0.162338
10 0.941558 0.218615 0.073593 0.155844
27 0.922619 0.515152 0.059524 0.155844
6 0.944805 0.819264 0.060606 0.166667
