11 0.069264 0.198052 0.073593 0.162338
20 0.245130 0.259740 0.081169 0.164502
15 0.318723 0.164502 0.061688 0.160173
17 0.409632 0.115801 0.048701 0.175325
19 0.483766 0.125541 0.056277 0.168831
30 0.600108 0.121212 0.066017 0.160173
25 0.742424 0.098485 0.045455 0.166667
8 0.834957 0.241342 0.061688 0.166667
21 0.924242 0.271645 0.056277 0.166667
23 0.830087 0.485931 0.062771 0.175325
7 0.912879 0.600649 0.050866 0.145022
3 0.944264 0.831169 0.061688 0.181818
29 0.870130 0.879870 0.069264 0.166667
22 0.823593 0.674242 0.071429 0.158009
24 0.635823 0.740260 0.059524 0.164502
5 0.668290 0.553030 0.074675 0.158009
0 0.696429 0.285714 0.059524 0.168831
9 0.619048 0.373377 0.051948 0.153680
27 0.569264 0.520563 0.069264 0.149351
18 0.493506 0.430736 0.073593 0.164502
6 0.419372 0.477273 0.059524 0.149351
12 0.323593 0.390693 0.054113 0.162338
2 0.385823 0.698052 0.070346 0.153680
28 0.331710 0.851732 0.053030 0.149351
14 0.236472 0.841991 0.076840 0.155844
1 0.196429 0.662338 0.055195 0.147186
26 0.132576 0.356061 0.042208 0.166667
13 0.128788 0.533550 0.041126 0.145022
4 0.048701 0.550866 0.082251 0.158009
10 0.128247 0.726190 0.068182 0.158009
