17 0.081169 0.281385 0.045455 0.125541
25 0.079545 0.501082 0.042208 0.132035
29 0.131494 0.113636 0.053030 0.123377
15 0.194805 0.257576 0.054113 0.142857
27 0.180195 0.441558 0.050866 0.129870
6 0.157468 0.624459 0.055195 0.136364
20 0.140152 0.908009 0.055195 0.132035
13 0.312229 0.780303 0.035714 0.136364
12 0.250541 0.391775 0.042208 0.129870
1 0.340368 0.602814 0.046537 0.127706
28 0.375000 0.205628 0.040043 0.138528
23 0.410173 0.479437 0.049784 0.136364
24 0.385281 0.745671 0.049784 0.140693
26 0.398268 0.914502 0.030303 0.149351
21 0.503788 0.087662 0.050866 0.136364
10 0.505411 0.433983 0.062771 0.136364
0 0.507035 0.678571 0.050866 0.127706
18 0.585498 0.715368 0.060606 0.136364
19 0.608225 0.861472 0.054113 0.129870
30 0.678571 0.895022 0.049784 0.149351
2 0.714286 0.686147 0.049784 0.129870
3 0.638528 0.487013 0.054113 0.134199
9 0.565476 0.262987 0.046537 0.140693
22 0.704545 0.402597 0.060606 0.134199
14 0.823052 0.677489 0.059524 0.138528
4 0.906926 0.693723 0.064935 0.127706
8 0.785714 0.318182 0.051948 0.134199
5 0.868506 0.360390 0.066017 0.136364
7 0.788420 0.123377 0.044372 0.129870
11 0.891234 0.141775 0.059524 0.132035
