20 0.102273 0.124459 0.074675 0.179654
7 0.049784 0.415584 0.058442 0.168831
22 0.087662 0.612554 0.084416 0.177489
13 0.087121 0.841991 0.040043 0.181818
27 0.159632 0.385281 0.068182 0.181818
19 0.195887 0.764069 0.073593 0.181818
29 0.284632 0.888528 0.071429 0.179654
5 0.303571 0.632035 0.079004 0.173160
1 0.220238 0.227273 0.059524 0.168831
10 0.251082 0.433983 0.082251 0.183983
30 0.327381 0.117965 0.066017 0.196970
14 0.343615 0.323593 0.076840 0.175325
25 0.405844 0.647186 0.054113 0.181818
2 0.403139 0.854978 0.068182 0.181818
21 0.468074 0.160173 0.068182 0.199134
6 0.446970 0.360390 0.077922 0.183983
15 0.525433 0.563853 0.072511 0.188312
3 0.575758 0.785714 0.075758 0.181818
17 0.601190 0.388528 0.063853 0.175325
23 0.665043 0.579004 0.068182 0.192641
26 0.702381 0.805195 0.043290 0.190476
8 0.800325 0.753247 0.068182 0.173160
9 0.621753 0.136364 0.059524 0.194805
12 0.698593 0.126623 0.053030 0.175325
11 0.731061 0.327922 0.076840 0.179654
0 0.845779 0.410173 0.066017 0.188312
24 0.892316 0.713203 0.066017 0.192641
28 0.832792 0.121212 0.050866 0.186147
18 0.928571 0.114719 0.082251 0.177489
4 0.922078 0.298701 0.086580 0.173160
