14 0.065476 0.260823 0.098485 0.231602
8 0.180195 0.285714 0.083333 0.216450
30 0.177489 0.483766 0.060606 0.162338
11 0.085498 0.613636 0.095238 0.227273
21 0.070887 0.862554 0.091991 0.227273
6 0.180736 0.857143 0.099567 0.233766
3 0.263528 0.589827 0.094156 0.231602
19 0.292208 0.212121 0.090909 0.225108
2 0.401515 0.245671 0.086580 0.231602
13 0.375000 0.493506 0.057359 0.238095
15 0.325758 0.819264 0.082251 0.222944
10 0.450758 0.808442 0.102814 0.222944
20 0.474567 0.582251 0.091991 0.216450
24 0.492965 0.108225 0.072511 0.203463
26 0.481602 0.356061 0.043290 0.201299
7 0.581710 0.134199 0.068182 0.216450
1 0.564394 0.417749 0.076840 0.207792
27 0.588203 0.613636 0.068182 0.175325
0 0.602814 0.824675 0.082251 0.212121
28 0.649892 0.318182 0.053030 0.194805
5 0.740260 0.205628 0.095238 0.229437
17 0.708333 0.511905 0.074675 0.201299
22 0.698052 0.722944 0.095238 0.207792
12 0.783009 0.843074 0.063853 0.222944
18 0.897727 0.865801 0.100649 0.216450
25 0.943182 0.640693 0.057359 0.190476
9 0.857684 0.551948 0.074675 0.229437
23 0.935606 0.337662 0.072511 0.212121
4 0.850108 0.234848 0.102814 0.214286
29 0.945346 0.133117 0.063853 0.170996
