7 0.106602 0.129870 0.068182 0.199134
5 0.087121 0.479437 0.091991 0.205628
8 0.069264 0.702381 0.077922 0.205628
30 0.104978 0.899351 0.060606 0.175325
28 0.195887 0.437229 0.058442 0.203463
2 0.176948 0.699134 0.081169 0.203463
29 0.189394 0.898268 0.069264 0.173160
1 0.231602 0.274892 0.069264 0.190476
22 0.322511 0.168831 0.097403 0.203463
20 0.290043 0.557359 0.086580 0.205628
19 0.290043 0.832251 0.084416 0.205628
4 0.403680 0.399351 0.093074 0.201299
10 0.441558 0.673160 0.090909 0.207792
27 0.443723 0.885281 0.075758 0.199134
26 0.514069 0.451299 0.043290 0.214286
15 0.441017 0.143939 0.076840 0.222944
13 0.529762 0.227273 0.048701 0.212121
25 0.615801 0.294372 0.067100 0.220779
14 0.611472 0.538961 0.095238 0.216450
21 0.557900 0.864719 0.079004 0.222944
9 0.654221 0.859307 0.068182 0.216450
3 0.722944 0.150433 0.080087 0.205628
24 0.717532 0.379870 0.071429 0.214286
11 0.785173 0.629870 0.089827 0.212121
18 0.782468 0.854978 0.095238 0.207792
12 0.812229 0.296537 0.057359 0.207792
6 0.928030 0.166667 0.087662 0.216450
23 0.916667 0.393939 0.077922 0.212121
0 0.915584 0.627706 0.073593 0.207792
17 0.908009 0.854978 0.069264 0.199134
