23 0.063853 0.125541 0.077922 0.229437
30 0.055195 0.323593 0.062771 0.175325
18 0.082251 0.523810 0.095238 0.216450
20 0.068182 0.877706 0.086580 0.209957
13 0.154762 0.128788 0.051948 0.218615
8 0.177489 0.439394 0.077922 0.212121
4 0.176407 0.770563 0.099567 0.203463
2 0.300866 0.222944 0.080087 0.207792
22 0.307359 0.594156 0.090909 0.209957
5 0.294372 0.859307 0.095238 0.216450
11 0.441017 0.130952 0.085498 0.209957
6 0.432359 0.455628 0.085498 0.218615
14 0.442100 0.803030 0.091991 0.220779
29 0.521645 0.582251 0.071429 0.177489
3 0.559524 0.817100 0.086580 0.218615
12 0.608225 0.569264 0.062771 0.212121
28 0.546537 0.115801 0.056277 0.196970
15 0.593074 0.330087 0.077922 0.218615
26 0.695346 0.331169 0.044372 0.203463
24 0.700216 0.563853 0.073593 0.222944
9 0.686147 0.835498 0.069264 0.225108
7 0.693723 0.113636 0.064935 0.201299
25 0.793831 0.117965 0.063853 0.214286
10 0.790584 0.339827 0.096320 0.212121
19 0.807900 0.637446 0.085498 0.205628
1 0.796537 0.859307 0.067100 0.203463
27 0.879870 0.104978 0.075758 0.179654
0 0.891775 0.327922 0.075758 0.214286
17 0.913961 0.560606 0.063853 0.194805
21 0.914502 0.795455 0.075758 0.218615
