27 0.076840 0.239177 0.062771 0.153680
6 0.159091 0.104978 0.062771 0.166667
23 0.158550 0.404762 0.061688 0.173160
9 0.122294 0.690476 0.062771 0.160173
29 0.070887 0.878788 0.063853 0.155844
19 0.261364 0.168831 0.070346 0.168831
28 0.367965 0.124459 0.047619 0.179654
14 0.207251 0.583333 0.074675 0.158009
30 0.235931 0.892857 0.060606 0.162338
18 0.309524 0.476190 0.077922 0.160173
5 0.304113 0.726190 0.075758 0.158009
22 0.386905 0.813853 0.074675 0.160173
26 0.409632 0.495671 0.055195 0.194805
0 0.481061 0.280303 0.074675 0.170996
4 0.503247 0.658009 0.077922 0.164502
17 0.573052 0.692641 0.055195 0.155844
11 0.592532 0.867965 0.068182 0.164502
15 0.587121 0.314935 0.066017 0.188312
7 0.660714 0.109307 0.066017 0.170996
12 0.639610 0.528139 0.054113 0.190476
24 0.713203 0.375541 0.062771 0.179654
13 0.734848 0.636364 0.043290 0.155844
2 0.832251 0.129870 0.062771 0.177489
8 0.834416 0.337662 0.062771 0.168831
3 0.821429 0.535714 0.067100 0.175325
20 0.926407 0.134199 0.073593 0.160173
21 0.931277 0.382035 0.066017 0.179654
10 0.924784 0.608225 0.072511 0.164502
25 0.935606 0.827922 0.055195 0.175325
1 0.844156 0.887446 0.054113 0.164502
