8 0.049784 0.252165 0.054113 0.149351
17 0.067100 0.448052 0.051948 0.151515
10 0.189935 0.244589 0.066017 0.155844
9 0.128788 0.600649 0.049784 0.158009
3 0.161255 0.892857 0.056277 0.149351
14 0.257035 0.431818 0.066017 0.162338
2 0.318182 0.291126 0.056277 0.149351
24 0.250541 0.699134 0.048701 0.160173
15 0.454004 0.163420 0.050866 0.162338
23 0.432900 0.504329 0.054113 0.160173
0 0.369589 0.675325 0.055195 0.155844
30 0.314394 0.874459 0.053030 0.155844
13 0.376623 0.903680 0.032468 0.153680
22 0.455628 0.695887 0.064935 0.145022
21 0.464286 0.862554 0.056277 0.153680
11 0.538961 0.458874 0.062771 0.151515
19 0.556277 0.751082 0.058442 0.142857
6 0.585498 0.114719 0.062771 0.155844
27 0.621753 0.274892 0.055195 0.142857
25 0.645022 0.498918 0.047619 0.162338
7 0.636364 0.753247 0.049784 0.142857
1 0.708874 0.262987 0.051948 0.145022
29 0.777056 0.104978 0.054113 0.145022
5 0.807359 0.319264 0.069264 0.158009
28 0.758117 0.549784 0.048701 0.160173
12 0.734848 0.726190 0.047619 0.145022
20 0.884740 0.191558 0.063853 0.153680
4 0.845779 0.637446 0.066017 0.140693
18 0.831169 0.854978 0.067100 0.151515
26 0.944264 0.866883 0.031385 0.153680
