12 0.052489 0.109307 0.068182 0.214286
21 0.094156 0.359307 0.082251 0.229437
2 0.064935 0.636364 0.084416 0.216450
13 0.074675 0.872294 0.058442 0.212121
26 0.154221 0.879870 0.053030 0.218615
17 0.227814 0.724026 0.070346 0.201299
11 0.205628 0.284632 0.086580 0.209957
23 0.235931 0.505411 0.077922 0.218615
7 0.347944 0.598485 0.066017 0.209957
14 0.357143 0.829004 0.088745 0.220779
5 0.372294 0.222944 0.097403 0.203463
20 0.516775 0.180736 0.098485 0.205628
18 0.495671 0.396104 0.095238 0.212121
3 0.472944 0.659091 0.080087 0.214286
24 0.493506 0.877706 0.075758 0.205628
1 0.568182 0.619048 0.071429 0.190476
4 0.607684 0.879870 0.094156 0.196970
8 0.720779 0.870130 0.082251 0.207792
15 0.676948 0.568182 0.081169 0.218615
0 0.641775 0.119048 0.082251 0.207792
19 0.676948 0.333333 0.079004 0.207792
30 0.590909 0.375541 0.064935 0.183983
25 0.752165 0.116883 0.071429 0.212121
10 0.876082 0.117965 0.094156 0.209957
29 0.943182 0.335498 0.066017 0.181818
27 0.944264 0.639610 0.072511 0.175325
22 0.924242 0.837662 0.090909 0.207792
9 0.815476 0.735931 0.068182 0.216450
28 0.767857 0.467532 0.053030 0.190476
6 0.854978 0.479437 0.084416 0.209957
