19 0.116883 0.271645 0.090909 0.218615
21 0.070346 0.548701 0.086580 0.231602
10 0.102814 0.791126 0.099567 0.218615
0 0.168831 0.506494 0.077922 0.216450
24 0.212662 0.111472 0.072511 0.205628
25 0.306277 0.107143 0.058442 0.183983
5 0.286255 0.321429 0.094156 0.214286
17 0.319264 0.639610 0.075758 0.209957
12 0.212662 0.728355 0.061688 0.218615
27 0.277597 0.876623 0.061688 0.155844
4 0.419372 0.232684 0.104978 0.214286
28 0.383117 0.461039 0.049784 0.168831
7 0.362554 0.861472 0.069264 0.212121
26 0.458333 0.895022 0.037879 0.179654
13 0.518398 0.274892 0.051948 0.216450
20 0.471320 0.496753 0.091991 0.222944
1 0.509199 0.759740 0.070346 0.207792
15 0.583874 0.507576 0.076840 0.227273
29 0.582251 0.704545 0.060606 0.149351
30 0.589286 0.908009 0.057359 0.162338
9 0.629329 0.221861 0.074675 0.231602
2 0.703463 0.524892 0.086580 0.222944
14 0.678030 0.816017 0.096320 0.229437
11 0.803571 0.754329 0.089827 0.227273
3 0.764610 0.150433 0.081169 0.222944
18 0.821970 0.384199 0.102814 0.214286
8 0.904221 0.191558 0.083333 0.214286
22 0.933983 0.425325 0.095238 0.209957
6 0.925325 0.658009 0.088745 0.220779
23 0.927489 0.882035 0.075758 0.209957
