19 0.074134 0.122294 0.091991 0.222944
30 0.055736 0.455628 0.068182 0.188312
27 0.058442 0.646104 0.075758 0.188312
20 0.066558 0.867965 0.091991 0.216450
2 0.133117 0.346320 0.086580 0.212121
13 0.134740 0.577922 0.068182 0.229437
8 0.172078 0.818182 0.086580 0.225108
23 0.211039 0.122294 0.077922 0.227273
17 0.256494 0.430736 0.086580 0.216450
4 0.287879 0.741342 0.103896 0.218615
6 0.321429 0.129870 0.088745 0.233766
10 0.386905 0.408009 0.094156 0.227273
22 0.403680 0.634199 0.099567 0.212121
14 0.382035 0.867965 0.097403 0.225108
11 0.508117 0.180736 0.098485 0.222944
29 0.498918 0.380952 0.071429 0.168831
9 0.514069 0.583333 0.080087 0.231602
0 0.519481 0.838745 0.086580 0.222944
24 0.587121 0.378788 0.072511 0.207792
21 0.616883 0.685065 0.084416 0.227273
28 0.620671 0.893939 0.057359 0.181818
5 0.674242 0.152597 0.110390 0.235931
15 0.682900 0.451299 0.090909 0.235931
12 0.705628 0.762987 0.069264 0.227273
25 0.771645 0.246753 0.067100 0.216450
3 0.867424 0.224026 0.089827 0.231602
7 0.834957 0.464286 0.079004 0.218615
18 0.935065 0.504329 0.103896 0.220779
26 0.943723 0.722944 0.049784 0.207792
1 0.857684 0.806277 0.076840 0.214286
