27 0.055195 0.189394 0.051948 0.136364
19 0.050866 0.403680 0.058442 0.132035
24 0.087662 0.607143 0.049784 0.145022
26 0.088745 0.762987 0.034632 0.145022
3 0.165043 0.818182 0.055195 0.147186
8 0.130952 0.214286 0.056277 0.138528
18 0.210498 0.254329 0.061688 0.136364
25 0.188312 0.410173 0.049784 0.145022
1 0.195346 0.558442 0.048701 0.134199
4 0.315476 0.433983 0.070346 0.140693
9 0.339827 0.843074 0.049784 0.149351
21 0.354437 0.097403 0.061688 0.155844
17 0.449675 0.404762 0.044372 0.134199
6 0.412338 0.685065 0.060606 0.145022
30 0.539502 0.804113 0.050866 0.153680
10 0.498377 0.581169 0.066017 0.140693
15 0.590368 0.475108 0.055195 0.149351
20 0.500000 0.213203 0.058442 0.140693
12 0.602273 0.081169 0.040043 0.136364
5 0.658550 0.385281 0.066017 0.138528
23 0.758658 0.495671 0.049784 0.151515
14 0.765152 0.674242 0.062771 0.149351
0 0.625541 0.913420 0.056277 0.147186
2 0.712662 0.886364 0.055195 0.140693
13 0.872835 0.758658 0.031385 0.140693
29 0.800866 0.101732 0.056277 0.138528
11 0.905844 0.206710 0.058442 0.140693
7 0.887446 0.367965 0.049784 0.134199
28 0.904762 0.520563 0.043290 0.149351
22 0.951299 0.893939 0.064935 0.138528
