4 0.067100 0.277056 0.075758 0.147186
9 0.045455 0.533550 0.058442 0.166667
8 0.061688 0.708874 0.058442 0.153680
23 0.057359 0.896104 0.054113 0.160173
22 0.177489 0.660173 0.069264 0.155844
13 0.193723 0.900433 0.034632 0.151515
17 0.232684 0.146104 0.054113 0.145022
10 0.235390 0.452381 0.066017 0.155844
0 0.275974 0.778139 0.058442 0.158009
26 0.347944 0.563853 0.035714 0.158009
24 0.308442 0.221861 0.056277 0.162338
5 0.387987 0.154762 0.066017 0.153680
28 0.377165 0.880952 0.042208 0.160173
11 0.430195 0.706710 0.063853 0.158009
3 0.460498 0.534632 0.063853 0.151515
21 0.550325 0.217532 0.059524 0.162338
15 0.591450 0.583333 0.059524 0.162338
18 0.550866 0.775974 0.073593 0.153680
27 0.653139 0.841991 0.057359 0.151515
1 0.666126 0.270563 0.050866 0.147186
2 0.709957 0.477273 0.060606 0.149351
6 0.793290 0.897186 0.064935 0.158009
7 0.754329 0.114719 0.051948 0.147186
30 0.801407 0.288961 0.055195 0.158009
12 0.837121 0.467532 0.048701 0.151515
20 0.885281 0.634199 0.067100 0.155844
14 0.900974 0.846320 0.066017 0.155844
25 0.929113 0.190476 0.046537 0.155844
29 0.926948 0.406926 0.061688 0.155844
19 0.334416 0.385281 0.058442 0.151515
