3 0.150974 0.139610 0.066017 0.179654
1 0.300866 0.290043 0.056277 0.173160
14 0.399892 0.304113 0.076840 0.175325
9 0.505411 0.178571 0.056277 0.188312
20 0.601732 0.127706 0.071429 0.173160
18 0.743506 0.166667 0.080087 0.181818
12 0.853896 0.308442 0.043290 0.175325
22 0.936147 0.257576 0.073593 0.173160
19 0.928571 0.500000 0.064935 0.168831
6 0.834957 0.594156 0.066017 0.179654
15 0.912879 0.807359 0.059524 0.194805
13 0.825758 0.867965 0.036797 0.177489
28 0.764610 0.365801 0.046537 0.186147
26 0.689935 0.548701 0.037879 0.196970
10 0.703463 0.764069 0.073593 0.186147
0 0.568723 0.666667 0.059524 0.177489
24 0.554113 0.453463 0.058442 0.183983
8 0.658550 0.350649 0.066017 0.177489
25 0.462662 0.581169 0.053030 0.179654
5 0.502706 0.867965 0.072511 0.181818
30 0.607143 0.870130 0.062771 0.199134
11 0.364719 0.600649 0.071429 0.179654
7 0.137446 0.475108 0.056277 0.170996
4 0.080087 0.694805 0.080087 0.173160
17 0.173701 0.665584 0.055195 0.162338
21 0.272727 0.593074 0.064935 0.186147
23 0.399892 0.852814 0.061688 0.186147
2 0.292208 0.846320 0.071429 0.181818
27 0.179654 0.869048 0.064935 0.166667
29 0.071970 0.889610 0.066017 0.164502
