14 0.090368 0.287879 0.081169 0.194805
27 0.060606 0.482684 0.071429 0.181818
0 0.075216 0.688312 0.074675 0.190476
30 0.104978 0.890693 0.075758 0.192641
13 0.180195 0.824675 0.057359 0.186147
12 0.206710 0.344156 0.064935 0.194805
21 0.207251 0.120130 0.079004 0.196970
5 0.243506 0.595238 0.097403 0.190476
26 0.292749 0.886364 0.053030 0.205628
4 0.339827 0.665584 0.088745 0.192641
29 0.375000 0.873377 0.074675 0.188312
2 0.368506 0.123377 0.074675 0.186147
18 0.360931 0.321429 0.091991 0.188312
15 0.455628 0.616883 0.075758 0.203463
1 0.535173 0.143939 0.068182 0.175325
6 0.494048 0.412338 0.083333 0.192641
28 0.465909 0.877706 0.057359 0.205628
17 0.564935 0.863636 0.069264 0.194805
20 0.602273 0.629870 0.079004 0.194805
3 0.581710 0.363636 0.079004 0.199134
25 0.625541 0.148268 0.062771 0.201299
22 0.682359 0.437229 0.091991 0.181818
8 0.760823 0.259740 0.069264 0.194805
10 0.871753 0.109307 0.083333 0.205628
23 0.930736 0.346320 0.069264 0.199134
19 0.932900 0.571429 0.077922 0.194805
24 0.920996 0.882035 0.073593 0.209957
7 0.773810 0.798701 0.064935 0.190476
11 0.788961 0.563853 0.084416 0.196970
9 0.681277 0.849567 0.074675 0.201299
