10 0.143939 0.129870 0.071429 0.164502
26 0.088745 0.333333 0.036797 0.168831
22 0.087662 0.582251 0.069264 0.160173
19 0.172619 0.461039 0.061688 0.160173
7 0.205628 0.637446 0.047619 0.149351
14 0.158550 0.873377 0.068182 0.162338
8 0.283550 0.267316 0.060606 0.158009
25 0.250000 0.444805 0.047619 0.158009
0 0.297078 0.632035 0.059524 0.160173
30 0.250000 0.873377 0.056277 0.166667
18 0.338745 0.874459 0.071429 0.160173
4 0.408550 0.138528 0.074675 0.151515
1 0.387446 0.408009 0.049784 0.149351
9 0.425866 0.734848 0.053030 0.166667
29 0.461039 0.562771 0.060606 0.155844
5 0.527597 0.738095 0.066017 0.160173
11 0.476190 0.267316 0.067100 0.158009
24 0.575758 0.319264 0.058442 0.166667
17 0.602814 0.151515 0.051948 0.151515
27 0.705087 0.340909 0.059524 0.153680
20 0.575758 0.515152 0.067100 0.160173
15 0.668831 0.569264 0.056277 0.168831
13 0.672078 0.902597 0.036797 0.155844
3 0.765693 0.149351 0.059524 0.155844
23 0.793831 0.454545 0.055195 0.164502
21 0.790584 0.668831 0.059524 0.168831
28 0.802489 0.882035 0.048701 0.170996
12 0.885823 0.847403 0.046537 0.166667
6 0.902597 0.492424 0.067100 0.166667
2 0.900974 0.243506 0.061688 0.158009
