26 0.061147 0.116883 0.037879 0.186147
23 0.060065 0.452381 0.074675 0.229437
8 0.072511 0.682900 0.080087 0.218615
25 0.059524 0.892857 0.060606 0.183983
12 0.132576 0.226190 0.063853 0.214286
3 0.202381 0.455628 0.082251 0.218615
27 0.189935 0.662338 0.066017 0.177489
19 0.170455 0.864719 0.085498 0.209957
17 0.219156 0.153680 0.072511 0.207792
24 0.324134 0.509740 0.072511 0.214286
11 0.295996 0.734848 0.091991 0.214286
7 0.359848 0.299784 0.072511 0.218615
4 0.431277 0.563853 0.098485 0.209957
13 0.415043 0.804113 0.050866 0.218615
9 0.452922 0.163420 0.070346 0.222944
10 0.530844 0.629870 0.096320 0.216450
21 0.514610 0.861472 0.085498 0.225108
30 0.542749 0.108225 0.059524 0.190476
20 0.535173 0.347403 0.089827 0.214286
6 0.637446 0.206710 0.088745 0.222944
15 0.642857 0.488095 0.075758 0.227273
2 0.642316 0.775974 0.085498 0.218615
18 0.757035 0.228355 0.100649 0.222944
5 0.772727 0.558442 0.095238 0.216450
14 0.759199 0.792208 0.094156 0.225108
1 0.867965 0.254329 0.069264 0.201299
28 0.949675 0.127706 0.055195 0.181818
22 0.929654 0.478355 0.099567 0.212121
0 0.878788 0.702381 0.077922 0.218615
29 0.936688 0.899351 0.068182 0.170996
