11 0.159632 0.152597 0.070346 0.162338
13 0.088203 0.334416 0.035714 0.162338
25 0.061688 0.521645 0.051948 0.164502
2 0.216450 0.376623 0.064935 0.168831
14 0.180736 0.590909 0.069264 0.168831
21 0.268398 0.579004 0.064935 0.170996
18 0.142857 0.891775 0.073593 0.168831
3 0.220238 0.861472 0.063853 0.164502
6 0.326840 0.139610 0.071429 0.170996
4 0.347944 0.386364 0.072511 0.166667
9 0.389610 0.737013 0.054113 0.170996
22 0.437771 0.155844 0.070346 0.155844
12 0.435065 0.405844 0.045455 0.158009
27 0.516775 0.582251 0.057359 0.151515
10 0.515152 0.812771 0.071429 0.162338
20 0.531926 0.185065 0.068182 0.153680
30 0.533009 0.388528 0.059524 0.166667
26 0.636364 0.154762 0.034632 0.166667
17 0.635281 0.327922 0.054113 0.149351
8 0.608225 0.665584 0.060606 0.158009
1 0.646645 0.840909 0.053030 0.153680
0 0.729978 0.107143 0.057359 0.158009
23 0.756494 0.340909 0.058442 0.170996
7 0.704004 0.564935 0.053030 0.160173
15 0.766775 0.818182 0.057359 0.173160
19 0.821970 0.563853 0.068182 0.162338
28 0.948593 0.120130 0.048701 0.166667
5 0.906385 0.301948 0.070346 0.158009
29 0.944805 0.694805 0.060606 0.164502
24 0.897186 0.886364 0.058442 0.166667
