20 0.068723 0.179654 0.076840 0.186147
14 0.086580 0.515152 0.080087 0.190476
1 0.070346 0.730519 0.058442 0.170996
21 0.169913 0.120130 0.069264 0.192641
30 0.152056 0.323593 0.061688 0.179654
22 0.174242 0.703463 0.082251 0.181818
27 0.153139 0.895022 0.070346 0.175325
2 0.237013 0.347403 0.069264 0.188312
3 0.303030 0.116883 0.073593 0.186147
5 0.268398 0.576840 0.077922 0.183983
13 0.238095 0.864719 0.045455 0.188312
11 0.392316 0.445887 0.074675 0.186147
29 0.354978 0.660173 0.067100 0.181818
24 0.316017 0.864719 0.067100 0.188312
17 0.456710 0.138528 0.060606 0.173160
0 0.507035 0.396104 0.066017 0.186147
10 0.451299 0.748918 0.077922 0.181818
23 0.539502 0.130952 0.070346 0.201299
18 0.656385 0.110390 0.081169 0.181818
7 0.640152 0.326840 0.057359 0.177489
25 0.603896 0.545455 0.058442 0.190476
12 0.612013 0.768398 0.053030 0.181818
9 0.696970 0.555195 0.060606 0.196970
28 0.701840 0.882035 0.055195 0.201299
15 0.774892 0.237013 0.069264 0.201299
6 0.772727 0.760823 0.075758 0.183983
8 0.862554 0.192641 0.067100 0.181818
19 0.852273 0.441558 0.070346 0.177489
26 0.949134 0.457792 0.041126 0.192641
4 0.900433 0.750000 0.084416 0.175325
