24 0.065476 0.410173 0.063853 0.175325
18 0.112554 0.670996 0.077922 0.164502
8 0.102814 0.884199 0.062771 0.166667
6 0.150974 0.193723 0.068182 0.170996
12 0.153680 0.400433 0.047619 0.160173
15 0.192641 0.733766 0.058442 0.173160
1 0.253247 0.338745 0.054113 0.153680
29 0.293290 0.512987 0.060606 0.155844
10 0.317100 0.683983 0.071429 0.168831
26 0.314935 0.869048 0.036797 0.170996
17 0.351190 0.253247 0.057359 0.160173
23 0.431818 0.466450 0.058442 0.175325
7 0.404762 0.751082 0.049784 0.160173
21 0.584957 0.104978 0.061688 0.175325
13 0.580087 0.431818 0.038961 0.170996
0 0.550325 0.628788 0.057359 0.162338
27 0.485390 0.873377 0.061688 0.162338
3 0.604437 0.897186 0.061688 0.162338
2 0.663420 0.146104 0.062771 0.162338
14 0.677489 0.353896 0.071429 0.170996
20 0.667749 0.563853 0.064935 0.162338
22 0.761905 0.807359 0.073593 0.168831
28 0.765152 0.127706 0.047619 0.173160
25 0.771645 0.366883 0.051948 0.166667
4 0.826840 0.576840 0.073593 0.158009
11 0.869048 0.281385 0.069264 0.168831
30 0.938853 0.101732 0.057359 0.173160
19 0.945887 0.420996 0.062771 0.162338
5 0.911797 0.747835 0.072511 0.170996
