17 0.073593 0.142857 0.054113 0.168831
6 0.182359 0.267316 0.068182 0.175325
25 0.278680 0.224026 0.055195 0.179654
11 0.416667 0.218615 0.071429 0.186147
5 0.595238 0.128788 0.073593 0.175325
15 0.740801 0.146104 0.059524 0.179654
20 0.837121 0.178571 0.070346 0.170996
30 0.934524 0.191558 0.057359 0.192641
21 0.920455 0.432900 0.070346 0.186147
2 0.808442 0.412338 0.064935 0.170996
1 0.699675 0.422078 0.053030 0.164502
14 0.521104 0.344156 0.076840 0.173160
29 0.418290 0.424242 0.063853 0.168831
0 0.321429 0.456710 0.060606 0.173160
28 0.169913 0.462121 0.045455 0.179654
22 0.068182 0.359307 0.075758 0.164502
8 0.060606 0.643939 0.064935 0.179654
13 0.148810 0.694805 0.040043 0.177489
26 0.066558 0.858225 0.044372 0.188312
12 0.270022 0.658009 0.046537 0.173160
4 0.272186 0.872294 0.079004 0.168831
18 0.390152 0.752165 0.076840 0.179654
3 0.486472 0.586580 0.061688 0.173160
19 0.504870 0.829004 0.063853 0.168831
9 0.652056 0.633117 0.055195 0.183983
23 0.643939 0.836580 0.058442 0.179654
7 0.765693 0.699134 0.055195 0.168831
10 0.878247 0.695887 0.070346 0.175325
27 0.734307 0.889610 0.061688 0.164502
24 0.845779 0.890693 0.057359 0.183983
