23 0.052489 0.189394 0.068182 0.196970
3 0.093615 0.534632 0.072511 0.186147
1 0.106061 0.814935 0.060606 0.175325
17 0.172078 0.496753 0.062771 0.175325
5 0.158550 0.119048 0.076840 0.181818
27 0.197511 0.308442 0.072511 0.179654
29 0.229978 0.678571 0.068182 0.179654
2 0.225649 0.875541 0.068182 0.183983
19 0.280844 0.103896 0.074675 0.181818
0 0.298160 0.470779 0.068182 0.188312
18 0.324134 0.810606 0.087662 0.188312
10 0.423160 0.301948 0.082251 0.188312
26 0.400433 0.522727 0.041126 0.188312
4 0.456710 0.814935 0.088745 0.175325
22 0.498377 0.590909 0.081169 0.181818
20 0.522727 0.163420 0.073593 0.183983
13 0.537338 0.379870 0.042208 0.183983
8 0.655844 0.241342 0.071429 0.183983
25 0.612554 0.428571 0.058442 0.194805
15 0.587662 0.636364 0.067100 0.194805
12 0.572511 0.843074 0.056277 0.183983
21 0.779762 0.116883 0.070346 0.194805
9 0.788420 0.365801 0.063853 0.194805
6 0.724567 0.625541 0.076840 0.194805
24 0.695887 0.862554 0.067100 0.196970
30 0.817100 0.670996 0.067100 0.194805
14 0.852814 0.875541 0.080087 0.183983
11 0.914502 0.160173 0.075758 0.186147
7 0.890152 0.537879 0.059524 0.175325
28 0.948052 0.751082 0.054113 0.199134
