22 0.102814 0.154762 0.095238 0.201299
10 0.088745 0.395022 0.095238 0.205628
20 0.102814 0.633117 0.086580 0.201299
2 0.118506 0.880952 0.076840 0.199134
24 0.220238 0.879870 0.070346 0.209957
1 0.198593 0.165584 0.072511 0.192641
12 0.251623 0.481602 0.059524 0.196970
30 0.219156 0.680736 0.070346 0.175325
3 0.325216 0.252165 0.079004 0.201299
25 0.349026 0.498918 0.066017 0.209957
8 0.320887 0.735931 0.072511 0.199134
14 0.469697 0.129870 0.088745 0.203463
0 0.447511 0.348485 0.081169 0.207792
7 0.450216 0.633117 0.069264 0.196970
23 0.450216 0.869048 0.069264 0.218615
9 0.551407 0.821429 0.070346 0.214286
27 0.539502 0.349567 0.079004 0.183983
18 0.557359 0.561688 0.099567 0.201299
11 0.642316 0.190476 0.091991 0.207792
13 0.645563 0.522727 0.048701 0.205628
19 0.660714 0.779221 0.081169 0.207792
21 0.767316 0.136364 0.080087 0.216450
28 0.735390 0.351732 0.053030 0.196970
26 0.805195 0.345238 0.043290 0.192641
6 0.760281 0.569264 0.087662 0.212121
5 0.794913 0.814935 0.098485 0.205628
29 0.852273 0.453463 0.070346 0.179654
15 0.923701 0.626623 0.072511 0.214286
17 0.914502 0.857143 0.069264 0.216450
4 0.891234 0.254329 0.100649 0.196970
