14 0.062229 0.120130 0.083333 0.196970
21 0.068723 0.375541 0.076840 0.196970
22 0.082251 0.586580 0.086580 0.194805
1 0.135823 0.867965 0.061688 0.181818
17 0.187771 0.113636 0.066017 0.179654
29 0.167749 0.306277 0.069264 0.192641
6 0.185606 0.510823 0.079004 0.199134
4 0.269481 0.744589 0.086580 0.181818
28 0.303571 0.112554 0.057359 0.199134
7 0.292208 0.325758 0.062771 0.183983
19 0.296537 0.537879 0.075758 0.188312
18 0.404221 0.172078 0.089827 0.192641
5 0.398810 0.385281 0.085498 0.186147
30 0.393398 0.587662 0.070346 0.201299
9 0.366883 0.798701 0.062771 0.199134
15 0.462121 0.772727 0.069264 0.199134
25 0.516775 0.151515 0.059524 0.194805
8 0.552489 0.440476 0.070346 0.192641
12 0.542749 0.852814 0.057359 0.190476
24 0.622835 0.733766 0.070346 0.194805
2 0.672619 0.504329 0.074675 0.190476
0 0.731061 0.834416 0.070346 0.192641
26 0.829545 0.844156 0.042208 0.203463
13 0.605519 0.165584 0.044372 0.192641
11 0.748377 0.228355 0.081169 0.196970
3 0.805736 0.472944 0.074675 0.192641
10 0.899351 0.650433 0.086580 0.196970
23 0.929113 0.882035 0.066017 0.205628
27 0.857143 0.109307 0.071429 0.183983
20 0.883117 0.300866 0.082251 0.186147
