19 0.044913 0.308442 0.057359 0.145022
26 0.059524 0.596320 0.034632 0.153680
14 0.095779 0.757576 0.063853 0.147186
12 0.125000 0.087662 0.044372 0.145022
20 0.161797 0.274892 0.061688 0.142857
28 0.220238 0.108225 0.044372 0.151515
30 0.235931 0.537879 0.054113 0.158009
22 0.182359 0.730519 0.063853 0.145022
5 0.274892 0.821429 0.064935 0.149351
4 0.329545 0.260823 0.070346 0.140693
23 0.320887 0.478355 0.050866 0.151515
15 0.361472 0.743506 0.051948 0.153680
21 0.389610 0.908009 0.049784 0.153680
29 0.442641 0.127706 0.058442 0.142857
18 0.420455 0.534632 0.063853 0.142857
9 0.503247 0.535714 0.049784 0.149351
13 0.525974 0.731602 0.034632 0.151515
10 0.522186 0.909091 0.066017 0.147186
0 0.581169 0.238095 0.054113 0.142857
17 0.596320 0.395022 0.049784 0.140693
11 0.648268 0.645022 0.062771 0.151515
27 0.680736 0.087662 0.056277 0.136364
1 0.775433 0.246753 0.046537 0.138528
6 0.766234 0.550866 0.060606 0.153680
3 0.787338 0.756494 0.055195 0.149351
8 0.846861 0.172078 0.055195 0.140693
2 0.931818 0.088745 0.056277 0.151515
7 0.933442 0.402597 0.050866 0.142857
25 0.853896 0.495671 0.047619 0.147186
24 0.882576 0.696970 0.055195 0.155844
