28 0.064394 0.108225 0.059524 0.186147
13 0.135823 0.170996 0.059524 0.233766
12 0.230519 0.258658 0.067100 0.235931
20 0.319805 0.130952 0.098485 0.227273
27 0.426948 0.098485 0.074675 0.192641
18 0.562771 0.135281 0.114719 0.248918
29 0.681818 0.095238 0.069264 0.173160
25 0.768398 0.108225 0.064935 0.203463
4 0.878247 0.230519 0.115801 0.253247
23 0.056818 0.304113 0.081169 0.218615
9 0.342532 0.374459 0.085498 0.251082
11 0.448593 0.314935 0.102814 0.244589
1 0.554113 0.374459 0.077922 0.220779
7 0.687229 0.299784 0.073593 0.231602
19 0.780303 0.455628 0.095238 0.235931
24 0.938853 0.468615 0.076840 0.218615
15 0.108225 0.542208 0.106061 0.248918
3 0.214286 0.549784 0.095238 0.272727
22 0.375541 0.615801 0.114719 0.227273
6 0.509740 0.598485 0.108225 0.244589
17 0.667749 0.551948 0.073593 0.238095
5 0.880952 0.677489 0.101732 0.242424
21 0.068723 0.775974 0.094156 0.235931
0 0.168290 0.849567 0.096320 0.279221
8 0.334416 0.840909 0.095238 0.248918
10 0.501623 0.846320 0.111472 0.251082
2 0.625000 0.871212 0.098485 0.244589
14 0.758117 0.844156 0.111472 0.277056
30 0.864177 0.890693 0.066017 0.175325
26 0.932359 0.898268 0.055195 0.203463
