17 0.122835 0.141775 0.057359 0.162338
24 0.121212 0.354978 0.060606 0.168831
11 0.078463 0.637446 0.076840 0.170996
26 0.064394 0.856061 0.040043 0.179654
20 0.252706 0.905844 0.072511 0.166667
0 0.257035 0.701299 0.068182 0.173160
1 0.219697 0.406926 0.054113 0.155844
13 0.232143 0.174242 0.044372 0.162338
29 0.331169 0.288961 0.064935 0.162338
8 0.328463 0.501082 0.063853 0.170996
15 0.351732 0.887446 0.062771 0.177489
23 0.467532 0.762987 0.058442 0.179654
19 0.386364 0.091991 0.069264 0.153680
12 0.483766 0.154762 0.047619 0.162338
10 0.491342 0.352814 0.080087 0.168831
7 0.531385 0.599567 0.056277 0.160173
27 0.579004 0.835498 0.064935 0.164502
28 0.637987 0.619048 0.048701 0.173160
5 0.587121 0.395022 0.070346 0.170996
18 0.658009 0.151515 0.075758 0.160173
14 0.687771 0.351732 0.074675 0.166667
30 0.719697 0.604978 0.058442 0.183983
9 0.722944 0.788961 0.056277 0.170996
22 0.810606 0.504329 0.075758 0.164502
4 0.748377 0.162338 0.079004 0.160173
25 0.835498 0.271645 0.056277 0.162338
3 0.937771 0.611472 0.066017 0.166667
6 0.892316 0.884199 0.070346 0.175325
2 0.924242 0.141775 0.064935 0.170996
21 0.948593 0.362554 0.063853 0.183983
