23 0.043831 0.110390 0.048701 0.147186
18 0.084416 0.265152 0.071429 0.136364
2 0.149892 0.303030 0.048701 0.142857
4 0.154762 0.514069 0.071429 0.153680
11 0.056818 0.652597 0.063853 0.149351
8 0.188312 0.761905 0.056277 0.147186
7 0.260823 0.474026 0.051948 0.147186
28 0.260281 0.672078 0.048701 0.153680
17 0.320346 0.251082 0.049784 0.147186
20 0.332792 0.462121 0.061688 0.149351
9 0.354437 0.782468 0.057359 0.158009
27 0.391775 0.274892 0.054113 0.142857
6 0.410714 0.481602 0.068182 0.162338
14 0.430736 0.676407 0.071429 0.145022
21 0.484848 0.224026 0.060606 0.158009
22 0.532468 0.703463 0.080087 0.155844
13 0.562229 0.182900 0.042208 0.140693
19 0.620130 0.208874 0.056277 0.145022
3 0.623918 0.512987 0.061688 0.160173
24 0.630952 0.765152 0.060606 0.153680
12 0.669913 0.915584 0.041126 0.134199
30 0.699134 0.116883 0.056277 0.164502
1 0.761905 0.259740 0.047619 0.142857
10 0.810065 0.083333 0.072511 0.140693
5 0.762987 0.556277 0.067100 0.147186
0 0.765152 0.906926 0.058442 0.155844
25 0.869589 0.897186 0.059524 0.166667
26 0.852814 0.511905 0.045455 0.166667
29 0.938312 0.516234 0.060606 0.158009
15 0.949675 0.241342 0.074675 0.170996
