17 0.133658 0.204545 0.059524 0.162338
12 0.097944 0.462121 0.048701 0.166667
3 0.120130 0.702381 0.069264 0.166667
25 0.123377 0.873377 0.051948 0.162338
5 0.257576 0.096320 0.075758 0.166667
9 0.243506 0.425325 0.058442 0.179654
29 0.263528 0.607143 0.070346 0.162338
2 0.264069 0.822511 0.067100 0.160173
24 0.371212 0.155844 0.060606 0.173160
0 0.368506 0.336580 0.063853 0.166667
8 0.345238 0.567100 0.064935 0.168831
23 0.423160 0.537879 0.060606 0.170996
28 0.415584 0.846320 0.051948 0.173160
22 0.494589 0.784632 0.073593 0.166667
4 0.483225 0.133117 0.076840 0.158009
27 0.490801 0.346320 0.066017 0.164502
19 0.639610 0.104978 0.064935 0.162338
15 0.595779 0.335498 0.061688 0.173160
7 0.554654 0.518398 0.050866 0.162338
11 0.606061 0.830087 0.069264 0.166667
26 0.742965 0.831169 0.037879 0.173160
6 0.688312 0.559524 0.073593 0.170996
21 0.699675 0.370130 0.066017 0.177489
13 0.737013 0.097403 0.038961 0.164502
1 0.812771 0.305195 0.054113 0.160173
18 0.788420 0.661255 0.074675 0.166667
14 0.849567 0.837662 0.075758 0.164502
30 0.941017 0.874459 0.059524 0.177489
10 0.897186 0.558442 0.073593 0.168831
20 0.925325 0.229437 0.069264 0.164502
