3 0.101190 0.286797 0.087662 0.231602
23 0.163420 0.116883 0.071429 0.203463
17 0.143398 0.518398 0.081169 0.218615
12 0.067641 0.634199 0.063853 0.225108
19 0.087121 0.869048 0.087662 0.222944
24 0.188312 0.879870 0.067100 0.188312
25 0.283550 0.108225 0.058442 0.181818
7 0.260823 0.321429 0.073593 0.222944
18 0.252165 0.616883 0.106061 0.216450
8 0.284632 0.862554 0.086580 0.222944
28 0.378788 0.099567 0.049784 0.164502
14 0.367424 0.308442 0.098485 0.231602
2 0.424784 0.611472 0.085498 0.218615
9 0.414502 0.861472 0.071429 0.233766
30 0.475649 0.098485 0.057359 0.175325
13 0.464286 0.306277 0.051948 0.227273
6 0.581169 0.230519 0.093074 0.231602
21 0.554654 0.462121 0.091991 0.218615
5 0.549784 0.700216 0.106061 0.231602
29 0.504870 0.900433 0.066017 0.164502
10 0.696970 0.277056 0.097403 0.225108
0 0.650974 0.532468 0.079004 0.225108
27 0.638528 0.895022 0.067100 0.166667
22 0.752165 0.541126 0.093074 0.212121
4 0.734848 0.838745 0.108225 0.222944
1 0.832792 0.245671 0.072511 0.214286
11 0.861472 0.479437 0.095238 0.227273
15 0.887987 0.850649 0.081169 0.233766
26 0.951299 0.628788 0.038961 0.183983
20 0.926948 0.141775 0.096320 0.231602
