25 0.056818 0.111472 0.059524 0.192641
26 0.240801 0.110390 0.044372 0.203463
13 0.315476 0.188312 0.044372 0.181818
29 0.411797 0.104978 0.061688 0.175325
8 0.516234 0.159091 0.069264 0.183983
27 0.619048 0.101732 0.064935 0.173160
4 0.726190 0.162338 0.084416 0.181818
14 0.908009 0.135281 0.082251 0.188312
12 0.888528 0.366883 0.049784 0.188312
24 0.798701 0.358225 0.058442 0.192641
5 0.144481 0.292208 0.081169 0.177489
20 0.134199 0.493506 0.069264 0.177489
10 0.295455 0.479437 0.080087 0.183983
21 0.397727 0.310606 0.068182 0.196970
22 0.520022 0.402597 0.081169 0.181818
11 0.633117 0.313853 0.075758 0.190476
23 0.628788 0.540043 0.064935 0.192641
30 0.719156 0.545455 0.055195 0.181818
7 0.799242 0.562771 0.059524 0.186147
0 0.925325 0.641775 0.067100 0.196970
9 0.889069 0.882035 0.061688 0.201299
2 0.779762 0.813853 0.072511 0.186147
17 0.640693 0.745671 0.060606 0.179654
6 0.505411 0.849567 0.075758 0.188312
19 0.502706 0.633117 0.066017 0.183983
1 0.387446 0.522727 0.056277 0.179654
18 0.352273 0.762987 0.085498 0.183983
3 0.245671 0.840909 0.069264 0.183983
15 0.143939 0.795455 0.062771 0.192641
28 0.063312 0.705628 0.046537 0.190476
