23 0.093615 0.155844 0.048701 0.142857
28 0.060606 0.345238 0.041126 0.136364
15 0.077381 0.569264 0.053030 0.138528
0 0.083333 0.901515 0.051948 0.140693
4 0.142316 0.716450 0.061688 0.129870
19 0.184524 0.160173 0.057359 0.134199
30 0.155844 0.558442 0.047619 0.138528
11 0.243506 0.819264 0.058442 0.136364
21 0.279762 0.295455 0.050866 0.140693
8 0.310606 0.508658 0.051948 0.134199
27 0.367965 0.819264 0.054113 0.123377
5 0.442641 0.853896 0.058442 0.136364
12 0.517857 0.752165 0.040043 0.132035
6 0.353896 0.254329 0.056277 0.136364
20 0.399892 0.535714 0.059524 0.127706
29 0.405844 0.080087 0.056277 0.125541
9 0.540584 0.089827 0.044372 0.140693
14 0.468074 0.360390 0.063853 0.140693
22 0.474567 0.535714 0.061688 0.132035
13 0.528680 0.406926 0.031385 0.129870
10 0.570887 0.559524 0.066017 0.136364
26 0.657468 0.733766 0.031385 0.147186
1 0.576299 0.248918 0.044372 0.125541
18 0.713745 0.453463 0.061688 0.136364
24 0.711039 0.599567 0.049784 0.138528
2 0.820887 0.695887 0.050866 0.132035
7 0.753247 0.087662 0.045455 0.127706
3 0.887987 0.119048 0.057359 0.142857
17 0.932900 0.286797 0.047619 0.127706
25 0.936147 0.675325 0.047619 0.134199
