24 0.070887 0.133117 0.066017 0.192641
8 0.083874 0.344156 0.068182 0.186147
26 0.094697 0.545455 0.042208 0.194805
6 0.150974 0.774892 0.076840 0.190476
0 0.190476 0.253247 0.064935 0.186147
2 0.211039 0.461039 0.071429 0.181818
15 0.246753 0.808442 0.062771 0.196970
11 0.272727 0.103896 0.080087 0.181818
30 0.299784 0.331169 0.067100 0.190476
5 0.313853 0.593074 0.077922 0.181818
13 0.320887 0.786797 0.042208 0.179654
1 0.384199 0.308442 0.058442 0.170996
22 0.441558 0.122294 0.080087 0.179654
10 0.494589 0.385281 0.080087 0.181818
3 0.485931 0.701299 0.071429 0.181818
29 0.521104 0.892857 0.070346 0.179654
14 0.572511 0.170996 0.077922 0.186147
25 0.588745 0.468615 0.058442 0.183983
4 0.671537 0.279221 0.081169 0.168831
18 0.655844 0.666667 0.082251 0.186147
27 0.658009 0.850649 0.064935 0.173160
12 0.764610 0.115801 0.053030 0.175325
19 0.770563 0.636364 0.071429 0.177489
9 0.777597 0.844156 0.059524 0.194805
20 0.856602 0.110390 0.074675 0.177489
7 0.811147 0.378788 0.059524 0.173160
23 0.926407 0.459957 0.064935 0.188312
21 0.904762 0.664502 0.069264 0.190476
17 0.854978 0.888528 0.062771 0.170996
28 0.945887 0.887446 0.051948 0.190476
