14 0.062771 0.239177 0.062771 0.158009
1 0.075758 0.498918 0.047619 0.136364
23 0.066558 0.690476 0.053030 0.155844
7 0.071970 0.904762 0.048701 0.142857
11 0.226732 0.116883 0.061688 0.147186
21 0.222944 0.443723 0.054113 0.155844
19 0.240260 0.848485 0.058442 0.147186
2 0.304654 0.284632 0.057359 0.153680
24 0.293831 0.569264 0.053030 0.151515
13 0.430736 0.100649 0.034632 0.145022
8 0.390152 0.525974 0.055195 0.151515
12 0.356061 0.785714 0.043290 0.142857
17 0.452922 0.912338 0.053030 0.140693
18 0.495671 0.652597 0.067100 0.149351
10 0.572511 0.816017 0.060606 0.147186
28 0.588203 0.438312 0.044372 0.149351
26 0.589286 0.190476 0.035714 0.151515
22 0.662338 0.175325 0.064935 0.147186
3 0.672619 0.359307 0.061688 0.151515
6 0.740260 0.178571 0.060606 0.153680
30 0.757035 0.454545 0.053030 0.151515
0 0.725108 0.874459 0.056277 0.147186
29 0.806277 0.897186 0.058442 0.140693
20 0.852273 0.537879 0.059524 0.140693
25 0.836580 0.142857 0.045455 0.155844
5 0.913961 0.170996 0.063853 0.147186
4 0.905303 0.385281 0.063853 0.138528
15 0.949675 0.557359 0.050866 0.153680
27 0.922078 0.790043 0.054113 0.138528
