25 0.058983 0.215368 0.057359 0.170996
9 0.071429 0.467532 0.058442 0.186147
14 0.068723 0.762987 0.074675 0.179654
26 0.178571 0.129870 0.045455 0.186147
20 0.156926 0.334416 0.075758 0.175325
2 0.185606 0.541126 0.070346 0.177489
19 0.214827 0.738095 0.070346 0.181818
8 0.257576 0.205628 0.069264 0.177489
24 0.308983 0.391775 0.066017 0.177489
10 0.351190 0.582251 0.083333 0.173160
27 0.299784 0.880952 0.071429 0.173160
1 0.379329 0.851732 0.059524 0.166667
11 0.376082 0.199134 0.076840 0.168831
18 0.464827 0.551948 0.083333 0.181818
22 0.468074 0.887446 0.083333 0.181818
23 0.523268 0.122294 0.066017 0.183983
6 0.545996 0.318182 0.074675 0.181818
4 0.592532 0.523810 0.087662 0.177489
15 0.569805 0.859307 0.066017 0.194805
0 0.651515 0.742424 0.067100 0.190476
30 0.610931 0.106061 0.063853 0.190476
12 0.686147 0.205628 0.049784 0.173160
7 0.737554 0.479437 0.066017 0.179654
29 0.766775 0.124459 0.074675 0.175325
13 0.829004 0.281385 0.045455 0.177489
3 0.871753 0.495671 0.074675 0.186147
17 0.806818 0.807359 0.061688 0.177489
29 0.941558 0.810606 0.080087 0.188312
21 0.922619 0.140693 0.068182 0.194805
28 0.938853 0.341991 0.057359 0.181818
