8 0.068182 0.195887 0.062771 0.166667
29 0.080087 0.374459 0.067100 0.160173
10 0.112013 0.561688 0.074675 0.166667
2 0.097403 0.852814 0.064935 0.168831
24 0.208333 0.845238 0.059524 0.175325
28 0.164502 0.316017 0.047619 0.177489
20 0.209957 0.111472 0.073593 0.166667
1 0.261364 0.297619 0.055195 0.153680
9 0.262446 0.600649 0.053030 0.170996
26 0.347403 0.297619 0.036797 0.175325
11 0.352273 0.629870 0.072511 0.173160
21 0.391775 0.873377 0.067100 0.183983
13 0.459416 0.889610 0.035714 0.164502
15 0.438312 0.251082 0.064935 0.177489
19 0.469156 0.597403 0.068182 0.164502
0 0.512987 0.363636 0.062771 0.168831
25 0.574675 0.136364 0.054113 0.164502
17 0.542208 0.757576 0.056277 0.160173
22 0.773810 0.111472 0.077922 0.158009
5 0.688853 0.319264 0.074675 0.170996
4 0.656385 0.696970 0.079004 0.168831
27 0.615260 0.898268 0.063853 0.164502
14 0.773810 0.339827 0.071429 0.168831
3 0.741883 0.569264 0.063853 0.164502
30 0.738095 0.775974 0.060606 0.179654
12 0.935606 0.286797 0.048701 0.166667
6 0.954004 0.582251 0.070346 0.177489
23 0.821429 0.581169 0.062771 0.170996
7 0.822511 0.759740 0.058442 0.164502
18 0.906385 0.858225 0.076840 0.170996
