10 0.132576 0.218615 0.087662 0.190476
3 0.098485 0.453463 0.075758 0.188312
19 0.140152 0.672078 0.074675 0.179654
21 0.063853 0.822511 0.080087 0.203463
6 0.194805 0.878788 0.086580 0.207792
2 0.280303 0.747835 0.071429 0.192641
5 0.262446 0.512987 0.087662 0.194805
14 0.290043 0.297619 0.086580 0.192641
29 0.273268 0.102814 0.083333 0.196970
15 0.390152 0.113636 0.074675 0.214286
8 0.398810 0.440476 0.079004 0.209957
12 0.374459 0.711039 0.056277 0.201299
30 0.442641 0.883117 0.067100 0.203463
28 0.458874 0.645022 0.062771 0.194805
13 0.520022 0.827922 0.042208 0.201299
17 0.527597 0.501082 0.068182 0.205628
24 0.484307 0.218615 0.074675 0.199134
4 0.583874 0.304113 0.089827 0.179654
25 0.603896 0.110390 0.058442 0.190476
0 0.730519 0.227273 0.082251 0.203463
26 0.615260 0.543290 0.055195 0.194805
11 0.620671 0.745671 0.079004 0.192641
1 0.715909 0.598485 0.066017 0.179654
18 0.777056 0.796537 0.086580 0.199134
23 0.820346 0.500000 0.064935 0.194805
20 0.917208 0.786797 0.081169 0.192641
7 0.930195 0.540043 0.068182 0.188312
9 0.893939 0.307359 0.073593 0.203463
22 0.831710 0.107143 0.085498 0.192641
27 0.941558 0.103896 0.080087 0.173160
