30 0.091450 0.107143 0.061688 0.179654
18 0.121212 0.305195 0.080087 0.168831
3 0.061688 0.514069 0.071429 0.175325
14 0.089827 0.750000 0.088745 0.188312
9 0.199675 0.678571 0.061688 0.183983
8 0.192100 0.136364 0.066017 0.173160
20 0.234307 0.351732 0.076840 0.166667
24 0.283009 0.638528 0.063853 0.177489
2 0.300325 0.824675 0.068182 0.168831
12 0.340368 0.099567 0.053030 0.164502
29 0.330087 0.428571 0.071429 0.168831
7 0.430195 0.218615 0.059524 0.181818
4 0.437771 0.500000 0.081169 0.173160
19 0.410173 0.696970 0.073593 0.164502
23 0.404221 0.893939 0.061688 0.177489
25 0.506494 0.821429 0.060606 0.175325
10 0.551407 0.606061 0.081169 0.168831
5 0.569264 0.284632 0.080087 0.170996
27 0.598485 0.093074 0.071429 0.168831
11 0.671537 0.367965 0.072511 0.173160
22 0.678571 0.629870 0.077922 0.168831
15 0.636905 0.867965 0.063853 0.181818
21 0.758658 0.826840 0.067100 0.186147
28 0.798160 0.625541 0.050866 0.181818
13 0.886905 0.744589 0.046537 0.177489
17 0.774892 0.448052 0.056277 0.164502
6 0.897727 0.365801 0.070346 0.181818
26 0.925866 0.159091 0.042208 0.188312
1 0.805736 0.132035 0.057359 0.155844
0 0.724026 0.108225 0.062771 0.181818
