3 0.089827 0.149351 0.103896 0.233766
12 0.076299 0.470779 0.076840 0.227273
15 0.100108 0.780303 0.087662 0.253247
11 0.232684 0.192641 0.103896 0.255411
8 0.211039 0.518398 0.086580 0.235931
7 0.207792 0.833333 0.084416 0.238095
6 0.363095 0.233766 0.100649 0.238095
9 0.323052 0.521645 0.079004 0.251082
20 0.327922 0.779221 0.099567 0.225108
28 0.409632 0.909091 0.044372 0.142857
4 0.474567 0.745671 0.107143 0.231602
21 0.455628 0.483766 0.090909 0.253247
23 0.459957 0.231602 0.080087 0.203463
1 0.552489 0.187229 0.079004 0.231602
22 0.567100 0.890693 0.084416 0.183983
30 0.570346 0.659091 0.047619 0.140693
5 0.574134 0.455628 0.109307 0.227273
18 0.677489 0.140693 0.114719 0.229437
27 0.663961 0.333333 0.057359 0.147186
26 0.666126 0.524892 0.035714 0.162338
17 0.641234 0.745671 0.079004 0.222944
29 0.705628 0.589827 0.054113 0.132035
0 0.748918 0.391775 0.088745 0.238095
14 0.777597 0.756494 0.107143 0.231602
13 0.819805 0.143939 0.061688 0.244589
10 0.858225 0.465368 0.110390 0.242424
19 0.910714 0.167749 0.096320 0.235931
25 0.950216 0.392857 0.058442 0.158009
24 0.951299 0.625541 0.060606 0.164502
2 0.907468 0.834416 0.091991 0.231602
