2 0.127706 0.275974 0.067100 0.179654
24 0.062771 0.528139 0.062771 0.168831
12 0.110390 0.742424 0.051948 0.168831
15 0.168290 0.512987 0.061688 0.177489
1 0.202381 0.755411 0.056277 0.164502
26 0.273268 0.551948 0.040043 0.177489
21 0.216450 0.154762 0.060606 0.179654
28 0.248918 0.337662 0.051948 0.177489
0 0.333333 0.195887 0.062771 0.179654
6 0.387446 0.584416 0.075758 0.177489
22 0.415043 0.138528 0.079004 0.173160
8 0.350108 0.774892 0.063853 0.173160
4 0.445346 0.890693 0.076840 0.158009
3 0.571429 0.887446 0.067100 0.164502
11 0.502165 0.568182 0.071429 0.175325
30 0.585498 0.664502 0.058442 0.186147
25 0.667208 0.751082 0.053030 0.173160
7 0.609307 0.254329 0.051948 0.162338
9 0.506494 0.212121 0.056277 0.181818
17 0.461580 0.388528 0.055195 0.162338
5 0.628247 0.432900 0.074675 0.164502
27 0.743506 0.398268 0.060606 0.164502
18 0.740801 0.220779 0.076840 0.168831
20 0.789502 0.586580 0.070346 0.164502
13 0.784632 0.869048 0.045455 0.175325
23 0.916126 0.893939 0.059524 0.177489
14 0.889610 0.639610 0.073593 0.175325
10 0.898810 0.354978 0.074675 0.173160
19 0.831169 0.133117 0.071429 0.175325
29 0.924242 0.169913 0.069264 0.166667
