12 0.132035 0.256494 0.054113 0.166667
14 0.082792 0.551948 0.070346 0.164502
29 0.049784 0.750000 0.064935 0.153680
3 0.164502 0.750000 0.062771 0.166667
28 0.205087 0.143939 0.050866 0.162338
7 0.215368 0.425325 0.051948 0.149351
8 0.248377 0.853896 0.063853 0.162338
17 0.312771 0.165584 0.054113 0.158009
18 0.307359 0.477273 0.073593 0.162338
2 0.332251 0.711039 0.060606 0.158009
25 0.333874 0.895022 0.048701 0.158009
22 0.451299 0.098485 0.073593 0.158009
20 0.416667 0.282468 0.067100 0.166667
1 0.409632 0.495671 0.053030 0.155844
4 0.544372 0.258658 0.071429 0.158009
27 0.489719 0.698052 0.059524 0.158009
13 0.559524 0.890693 0.038961 0.162338
10 0.594697 0.687229 0.070346 0.158009
15 0.663420 0.135281 0.058442 0.175325
9 0.666126 0.337662 0.057359 0.177489
5 0.722944 0.630952 0.071429 0.162338
19 0.659091 0.904762 0.064935 0.155844
11 0.750000 0.274892 0.069264 0.160173
24 0.829545 0.495671 0.057359 0.168831
21 0.800866 0.891775 0.062771 0.173160
30 0.860390 0.227273 0.056277 0.173160
26 0.919372 0.437229 0.035714 0.168831
0 0.901515 0.854978 0.060606 0.164502
23 0.920996 0.675325 0.056277 0.168831
6 0.950216 0.233766 0.064935 0.168831
