12 0.085498 0.193723 0.049784 0.149351
26 0.131494 0.387446 0.033550 0.151515
18 0.087662 0.610390 0.071429 0.151515
30 0.195346 0.550866 0.053030 0.162338
15 0.181277 0.756494 0.055195 0.158009
1 0.261364 0.903680 0.050866 0.136364
29 0.258658 0.359307 0.058442 0.147186
2 0.287879 0.627706 0.060606 0.147186
11 0.367965 0.218615 0.062771 0.147186
17 0.370671 0.553030 0.048701 0.140693
22 0.449675 0.690476 0.066017 0.147186
3 0.461039 0.860390 0.060606 0.149351
27 0.556818 0.883117 0.059524 0.147186
23 0.728896 0.902597 0.057359 0.151515
24 0.812229 0.896104 0.055195 0.155844
28 0.458333 0.335498 0.046537 0.155844
21 0.530303 0.360390 0.058442 0.158009
7 0.524351 0.164502 0.050866 0.142857
9 0.620671 0.351732 0.050866 0.158009
25 0.650433 0.528139 0.049784 0.147186
10 0.652597 0.704545 0.067100 0.149351
0 0.765693 0.682900 0.057359 0.158009
6 0.714827 0.120130 0.061688 0.166667
8 0.760281 0.374459 0.057359 0.151515
4 0.829004 0.259740 0.067100 0.147186
20 0.846861 0.096320 0.063853 0.145022
13 0.910714 0.097403 0.035714 0.147186
14 0.931818 0.508658 0.064935 0.151515
5 0.950216 0.748918 0.060606 0.138528
19 0.523268 0.612554 0.063853 0.142857
