19 0.075216 0.196970 0.096320 0.212121
5 0.081710 0.425325 0.104978 0.218615
23 0.076299 0.642857 0.085498 0.216450
13 0.076299 0.870130 0.066017 0.220779
1 0.194805 0.240260 0.077922 0.212121
3 0.201299 0.568182 0.095238 0.231602
27 0.154221 0.895022 0.076840 0.188312
11 0.251082 0.851732 0.095238 0.222944
0 0.297078 0.165584 0.096320 0.227273
15 0.327381 0.496753 0.085498 0.235931
17 0.384199 0.874459 0.082251 0.203463
12 0.436147 0.220779 0.077922 0.229437
9 0.449134 0.593074 0.086580 0.238095
21 0.483766 0.874459 0.084416 0.220779
18 0.583333 0.148268 0.103896 0.222944
7 0.570346 0.373377 0.075758 0.209957
25 0.553571 0.587662 0.068182 0.201299
8 0.579545 0.805195 0.081169 0.212121
6 0.708874 0.244589 0.088745 0.229437
10 0.679654 0.545455 0.097403 0.225108
26 0.679654 0.885281 0.049784 0.199134
24 0.811688 0.116883 0.073593 0.220779
22 0.919372 0.114719 0.096320 0.203463
2 0.869589 0.334416 0.083333 0.214286
20 0.798701 0.547619 0.088745 0.216450
28 0.951840 0.508658 0.050866 0.194805
4 0.923160 0.717532 0.101732 0.214286
30 0.944805 0.909091 0.056277 0.160173
29 0.865260 0.906926 0.061688 0.164502
14 0.771645 0.782468 0.097403 0.218615
