1 0.084957 0.202381 0.068182 0.192641
23 0.059524 0.416667 0.073593 0.222944
8 0.069805 0.639610 0.076840 0.201299
13 0.077922 0.854978 0.047619 0.212121
20 0.183983 0.226190 0.084416 0.214286
11 0.184524 0.458874 0.087662 0.212121
18 0.227814 0.758658 0.100649 0.214286
29 0.289502 0.097403 0.068182 0.177489
12 0.279762 0.309524 0.061688 0.203463
15 0.300325 0.528139 0.076840 0.220779
3 0.352273 0.849567 0.085498 0.209957
5 0.430736 0.269481 0.095238 0.205628
7 0.415043 0.514069 0.072511 0.209957
17 0.462121 0.788961 0.073593 0.201299
30 0.497294 0.594156 0.057359 0.170996
19 0.556277 0.788961 0.086580 0.214286
27 0.577381 0.111472 0.072511 0.192641
4 0.568182 0.313853 0.099567 0.203463
6 0.587121 0.538961 0.087662 0.207792
26 0.687229 0.336580 0.043290 0.205628
0 0.702922 0.120130 0.079004 0.214286
14 0.704545 0.669913 0.088745 0.214286
25 0.666126 0.883117 0.066017 0.199134
24 0.768939 0.879870 0.070346 0.205628
21 0.814935 0.135281 0.075758 0.218615
10 0.780303 0.440476 0.090909 0.214286
2 0.856602 0.660173 0.081169 0.207792
22 0.885823 0.877706 0.096320 0.201299
9 0.902056 0.279221 0.070346 0.225108
28 0.950216 0.504329 0.051948 0.190476
