29 0.053571 0.109307 0.076840 0.183983
12 0.161255 0.163420 0.062771 0.192641
28 0.246212 0.115801 0.057359 0.188312
30 0.337662 0.154762 0.062771 0.205628
20 0.505411 0.109307 0.077922 0.192641
3 0.635823 0.111472 0.083333 0.196970
9 0.724567 0.219697 0.053030 0.196970
23 0.805736 0.248918 0.061688 0.194805
22 0.897186 0.195887 0.077922 0.192641
15 0.067641 0.329004 0.081169 0.199134
24 0.156926 0.357143 0.060606 0.181818
0 0.241883 0.441558 0.070346 0.194805
26 0.387446 0.496753 0.047619 0.196970
17 0.406926 0.305195 0.051948 0.177489
5 0.556818 0.373377 0.079004 0.192641
27 0.645563 0.402597 0.063853 0.173160
11 0.103355 0.624459 0.076840 0.188312
19 0.295455 0.658009 0.075758 0.181818
1 0.465909 0.535714 0.059524 0.183983
8 0.487554 0.725108 0.061688 0.181818
13 0.770022 0.600649 0.044372 0.201299
2 0.869048 0.589827 0.067100 0.192641
14 0.086039 0.883117 0.079004 0.168831
10 0.195887 0.853896 0.080087 0.201299
4 0.374459 0.884199 0.084416 0.192641
25 0.571970 0.810606 0.050866 0.188312
6 0.668831 0.874459 0.077922 0.194805
21 0.658009 0.674242 0.067100 0.188312
7 0.923701 0.801948 0.057359 0.183983
18 0.824675 0.813853 0.084416 0.186147
